WSH046	185	0	0.03855411236029575	0.0750576951286166	0.03164371688781522	0.08620431218094209	0.04928009863662831	0.027906645643105143	0.12580896131778949	0.15281691288532195	0.1252689694208127	0.09759931181205951	0.13223130269375113	0.12380134466200104	0.12954895425730345	0.1397893510621015	0.06613584098923295	0.07061748431599067	0.1597265019705636	0.05981111467171608	0.06328862553181681	0.08449704536609312	0.07096806142255047	0.07477599449041314	0.07630598511764757	0.10580205447633473	0.12326359219136712	0.1309662858906433	0.12083610311973203	0.11591382270149195	0.11644514091447113	0.17360152796851536	0.13751749333051955	0.16294509825849685	0.08697704081417071	0.16208672982647182	0.14017237847712016	0.1256825886103081	0.14460051085120662	0.1168088359840923
WSH047	186	0.03855411236029575	0	0.09736620069273784	0.05015971494751691	0.106877855039936	0.05643971697520265	0.04156864652621434	0.11496960486748962	0.13903293340287684	0.110669735222697	0.12093050945905898	0.1384716486474958	0.1273433293133359	0.13642962553204654	0.15252632794826637	0.07475885561590709	0.05681545918119276	0.1447955730593071	0.07491995953773273	0.07339249124444047	0.06516557197213166	0.08839356424947213	0.057992073307636	0.08950888953369382	0.12008482818916195	0.1357480232875689	0.14560633641462456	0.13404009821006235	0.1298921476788092	0.1262026629964443	0.18889663544877758	0.14740259169072512	0.1761057267925418	0.09733161961197517	0.18700036258293382	0.14912536687362807	0.144007645312105	0.16858335163520724	0.1310296638972876
WSH048	187	0.0750576951286166	0.09736620069273784	0	0.09706645221048771	0.05110793699957085	0.11613244731809078	0.09559651203274179	0.07115065988561774	0.09514651893011707	0.08002393821741746	0.045125855382460264	0.08408181893002217	0.06912030434810451	0.08650560456600888	0.08546688544107285	0.1030445288347222	0.10303633172256398	0.09737519255762346	0.11133191020583635	0.10003211387441646	0.1279051099333238	0.10670341602092041	0.11129350073344096	0.10973039427077722	0.06789902344754757	0.06904477973040972	0.07761647475298747	0.06796412062696239	0.053395651538333554	0.05461779716361037	0.11774302985871377	0.08681105877514791	0.10937587181769891	0.12188644309689468	0.13593698848865346	0.08495750237393336	0.14000301484384647	0.0853412347934749	0.08139287030529217
WSH049	188	0.03164371688781522	0.05015971494751691	0.09706645221048771	0	0.07170419900238348	0.0251037804909488	0.04467968035366282	0.12018996552235338	0.14465410754177857	0.13795851081840863	0.11363874107749332	0.11815449225617013	0.13173897792069678	0.11670559235325982	0.1535382553650293	0.04545503794464358	0.08409725653126986	0.17358086480310858	0.04913538996835542	0.04784541068403469	0.06568242031656951	0.06637723771381907	0.0861049565981031	0.05289785328688821	0.09227592960740133	0.13457511654505935	0.11234655823198188	0.12776095576272986	0.12940350447708127	0.09950767098573746	0.18924905268578318	0.12226789092883777	0.14986031596962676	0.0681965879019561	0.156125717225456	0.11934271239787445	0.11858005507772341	0.16229962508026566	0.10010019411867743
WSH050	189	0.08620431218094209	0.106877855039936	0.05110793699957085	0.07170419900238348	0	0.0762239877986524	0.08710117657597881	0.08183193972401547	0.10327059782716128	0.09561592013930031	0.0748337100592153	0.06220814266129818	0.0913013634824975	0.06223006522513949	0.09962076654541649	0.08160466883909574	0.11720049475762523	0.13242200175838062	0.09786100982105538	0.08369203641880837	0.10338445647314064	0.09199221201737298	0.1108562746638082	0.09081332010327264	0.04637907110309891	0.08184208189656281	0.06374704702372544	0.07935086185281146	0.08075666439398292	0.05529556038331859	0.14346257188693884	0.07291343930489633	0.09200857929401554	0.10286035562340504	0.12072863690266925	0.06553493954477563	0.10786216040336599	0.12032937029066731	0.05112724655583763
WSH051	190	0.04928009863662831	0.05643971697520265	0.11613244731809078	0.0251037804909488	0.0762239877986524	0	0.0380364452261282	0.13700681223693692	0.16105896501306832	0.1443103292993514	0.1308228695131324	0.11740439271198737	0.14352409638520897	0.11164856514629239	0.15312338961909447	0.05245380293262934	0.0925848131779203	0.1872903017598627	0.05722163579600451	0.06050548873632008	0.06709494965021427	0.07024705816525988	0.08745094665341349	0.05056973152737529	0.08500932995843902	0.14099333150945845	0.11717057439475576	0.13537025686184478	0.14049490282505325	0.11650465843745432	0.20819177114653395	0.12967154509282144	0.14870758869966352	0.07029987087307557	0.15575855840284664	0.12686109837620158	0.11572844665127073	0.17689798192180095	0.09345207208109703
WSH052	191	0.027906645643105143	0.04156864652621434	0.09559651203274179	0.04467968035366282	0.08710117657597881	0.0380364452261282	0	0.14452460357380706	0.16622876873040118	0.1278347743677308	0.10997911743359537	0.12676274412747324	0.12738427126142524	0.12474082946635272	0.13385495357323618	0.0743076116990298	0.07982301615346926	0.17361247352148804	0.07073943835060564	0.07218098732076499	0.08439720407865661	0.07470239313139038	0.07258824429393239	0.07600701602097343	0.10142256544104329	0.12366099103548227	0.13087445657282035	0.1227667887020543	0.11847857611704317	0.12915393941847098	0.19146341998832528	0.14271211181779894	0.15424525709072454	0.08678689653310405	0.1624181562886181	0.14183497812718723	0.11811058975142805	0.15498657294731988	0.11121923889085511
WSH053	192	0.12580896131778949	0.11496960486748962	0.07115065988561774	0.12018996552235338	0.08183193972401547	0.13700681223693692	0.14452460357380706	0	0.0364768629773502	0.09497738075969626	0.08301802423546167	0.07045057834680493	0.07276892891195957	0.06995395422592703	0.09647954985428728	0.10173972610238877	0.09383638219424364	0.08191774367899016	0.14437303229888035	0.10569875381975437	0.1006058491423665	0.08988347944704486	0.10331694967978872	0.13563263555320457	0.08328414462321193	0.07860951310130412	0.09407186144703608	0.07471066324848671	0.0939941351674272	0.050567760359589806	0.11370514215819155	0.07450778366033885	0.10931871317132133	0.1304977450610391	0.13444976000024406	0.0798116086846907	0.15079730202412203	0.10950213135269539	0.0690170033336803
WSH054	193	0.15281691288532195	0.13903293340287684	0.09514651893011707	0.14465410754177857	0.10327059782716128	0.16105896501306832	0.16622876873040118	0.0364768629773502	0	0.08991214597225948	0.06394396330272958	0.08474446169679047	0.07979078151216282	0.09093527046426048	0.07582538209061648	0.12685102268039758	0.11860373240041686	0.060320664933119994	0.16706106915400892	0.1250607610327506	0.12690918141955684	0.11570327947506107	0.12860312792302972	0.15812454035120682	0.09790326283394184	0.08632278971587867	0.10722887731195818	0.0887500800455608	0.074117015374822	0.06281791871571751	0.09556633244675608	0.08241136832054974	0.11025667429008845	0.15455704689073502	0.15749772542766913	0.10029649041062523	0.1466881971240656	0.08703994297814552	0.09201950160351162
WSH055	194	0.1252689694208127	0.110669735222697	0.08002393821741746	0.13795851081840863	0.09561592013930031	0.1443103292993514	0.1278347743677308	0.09497738075969626	0.08991214597225948	0	0.07132625689716561	0.10806654756488042	0.11044012796539092	0.11043674070998977	0.09168740834335158	0.1288934058872411	0.1089486417297848	0.08187180717798317	0.1599598654834533	0.13597050795718432	0.132119250917836	0.14091774903336077	0.11180963671347861	0.1456672175692039	0.09240257281535239	0.10701211661375684	0.1226332516200244	0.10501926122278876	0.06955235553007535	0.09699680380652025	0.1410878772299815	0.12329431763456553	0.1543317177212806	0.16097834515200235	0.17195900715855725	0.12183569823813067	0.15744054808398367	0.11170166412393757	0.10964351945669751
WSH056	195	0.09759931181205951	0.12093050945905898	0.045125855382460264	0.11363874107749332	0.0748337100592153	0.1308228695131324	0.10997911743359537	0.08301802423546167	0.06394396330272958	0.07132625689716561	0	0.08051110156238384	0.05968187470096195	0.08514150422446168	0.04806857658000271	0.12373207464675509	0.12341197335625027	0.07103956094261263	0.13799535715980293	0.12292095659637275	0.15234337780823404	0.12829266573589138	0.13455123235894087	0.12858393186361253	0.06823627981051429	0.06463944736345559	0.07816897630643528	0.0650483362613167	0.0244277061524579	0.06107555938408602	0.09548343017327293	0.07755784983825416	0.10141135301221944	0.14909201752785903	0.14154140616097285	0.09690049568195049	0.1383985571440886	0.05723449645508402	0.08702127899914382
WSH057	196	0.13223130269375113	0.1384716486474958	0.08408181893002217	0.11815449225617013	0.06220814266129818	0.11740439271198737	0.12676274412747324	0.07045057834680493	0.08474446169679047	0.10806654756488042	0.08051110156238384	0	0.06271442563195298	0.040252399676497075	0.049354546488628116	0.09452929083624889	0.12306124310731918	0.0873326929132338	0.13986846184879723	0.10263483179606218	0.10920013121963608	0.10713415321506309	0.12240252318518606	0.11971277344376147	0.04757826852824864	0.05978200973681818	0.06917630068542466	0.060338894730706034	0.08456764028367583	0.04060759927894681	0.12254587153830382	0.04465444538934055	0.07097729013602434	0.11549449974412355	0.11110047332284768	0.06249518979066644	0.12700676868012925	0.121958652550854	0.04172742404247046
WSH058	197	0.12380134466200104	0.1273433293133359	0.06912030434810451	0.13173897792069678	0.0913013634824975	0.14352409638520897	0.12738427126142524	0.07276892891195957	0.07979078151216282	0.11044012796539092	0.05968187470096195	0.06271442563195298	0	0.044505799352183004	0.06146379876318286	0.12092216118687088	0.11605356193956755	0.09346349838016513	0.15529988099076902	0.11495707851321854	0.1380566823386159	0.12109946834777022	0.12105741188752148	0.13515610737430836	0.0769069929016444	0.019141189846727268	0.06694259940102275	0.025511784798874244	0.06812556584698656	0.05485779307950416	0.10210722549053541	0.03825862279313901	0.08734986200085895	0.1395064829524675	0.11874965293591891	0.061829283565667005	0.1446059490081067	0.10065519770239666	0.06891478945618346
WSH059	198	0.12954895425730345	0.13642962553204654	0.08650560456600888	0.11670559235325982	0.06223006522513949	0.11164856514629239	0.12474082946635272	0.06995395422592703	0.09093527046426048	0.11043674070998977	0.08514150422446168	0.040252399676497075	0.044505799352183004	0	0.07713639661296356	0.09580277915404325	0.12291727728761391	0.11843586872337043	0.14295087757997085	0.1078883583346819	0.1148884278839696	0.10735683242600216	0.1229237235381479	0.11517222756344415	0.04972534526852994	0.042039076414355114	0.05988805928336423	0.04170182677646735	0.09284001708735613	0.053297386001389994	0.13306100702218054	0.02992343103412962	0.07719466772392149	0.11990613215594863	0.1009319953292709	0.04424426523621479	0.11568626786974003	0.13590633852689207	0.03553053229131679
WSH060	199	0.1397893510621015	0.15252632794826637	0.08546688544107285	0.1535382553650293	0.09962076654541649	0.15312338961909447	0.13385495357323618	0.09647954985428728	0.07582538209061648	0.09168740834335158	0.04806857658000271	0.049354546488628116	0.06146379876318286	0.07713639661296356	0	0.12931840422827034	0.1315939604076093	0.056445241685975076	0.17854592843211328	0.13919391997219963	0.1521295675363248	0.13448794361988858	0.13391003159075235	0.15742817363745285	0.08971385007528698	0.05720066103025083	0.10261327427922565	0.06000635654932349	0.05218327571135471	0.0713901827452633	0.09608946977535561	0.07717878331568265	0.09426019571453798	0.15729051913327385	0.13847245949491438	0.09516076333637584	0.13328572545068393	0.08989196624205564	0.08117691934185296
WSH061	200	0.06613584098923295	0.07475885561590709	0.1030445288347222	0.04545503794464358	0.08160466883909574	0.05245380293262934	0.0743076116990298	0.10173972610238877	0.12685102268039758	0.1288934058872411	0.12373207464675509	0.09452929083624889	0.12092216118687088	0.09580277915404325	0.12931840422827034	0	0.045769766756724506	0.14660728108724894	0.0653229692560667	0.02974691722661409	0.034503529039127526	0.03512087290198695	0.04869166873459814	0.06062059587064514	0.09684316140712072	0.1181781088428842	0.12031776817948275	0.11321472337322898	0.12926386953610913	0.0791555665071323	0.1776767231231813	0.10699104300076259	0.1405633848578446	0.0450389790295663	0.14554168357964073	0.1042165487055401	0.11265675767487694	0.17450743975334135	0.08095592758280963
WSH062	201	0.07061748431599067	0.05681545918119276	0.10303633172256398	0.08409725653126986	0.11720049475762523	0.0925848131779203	0.07982301615346926	0.09383638219424364	0.11860373240041686	0.1089486417297848	0.12341197335625027	0.12306124310731918	0.11605356193956755	0.12291727728761391	0.1315939604076093	0.045769766756724506	0	0.11840958996954684	0.1001937644990456	0.061083159828786926	0.04157448703438549	0.05493853788232621	0.01787886837455719	0.08824551428142992	0.12045162192640892	0.11537137497948638	0.15066778932140565	0.11356937740899523	0.12761490766803002	0.11084661257545401	0.17907795476874072	0.13222594593571244	0.164070512754934	0.07503411797604877	0.1677631864999949	0.13879087895237902	0.13947990487892262	0.17211727307558009	0.11112090914482912
WSH063	202	0.1597265019705636	0.1447955730593071	0.09737519255762346	0.17358086480310858	0.13242200175838062	0.1872903017598627	0.17361247352148804	0.08191774367899016	0.060320664933119994	0.08187180717798317	0.07103956094261263	0.0873326929132338	0.09346349838016513	0.11843586872337043	0.056445241685975076	0.14660728108724894	0.11840958996954684	0	0.19644049276168846	0.1469856557412602	0.14671474025362558	0.16035043909148028	0.13133722294904102	0.1869654968712982	0.12515396117080935	0.09457751675465315	0.1272921937381739	0.0949810888832143	0.07215363969460128	0.08673767212345726	0.1050150987253983	0.10943203211965831	0.12422221618238287	0.17853440816792795	0.18895330988743836	0.12742502801021452	0.1786279354823257	0.0974472264888556	0.12247748595652293
WSH064	203	0.05981111467171608	0.07491995953773273	0.11133191020583635	0.04913538996835542	0.09786100982105538	0.05722163579600451	0.07073943835060564	0.14437303229888035	0.16706106915400892	0.1599598654834533	0.13799535715980293	0.13986846184879723	0.15529988099076902	0.14295087757997085	0.17854592843211328	0.0653229692560667	0.1001937644990456	0.19644049276168846	0	0.06240885973294321	0.0775342707945336	0.07838302975368115	0.10113843852509052	0.06991708047726107	0.10613740954350952	0.1623142410018495	0.11282986963869406	0.15955124005258212	0.14725220466061772	0.12378134704133467	0.21115487238123193	0.14692365677018254	0.15312821460151932	0.052998701734489465	0.12892109195506443	0.12071795848069539	0.13928865167590584	0.18539326852308893	0.12326904040859002
WSH065	204	0.06328862553181681	0.07339249124444047	0.10003211387441646	0.04784541068403469	0.08369203641880837	0.06050548873632008	0.07218098732076499	0.10569875381975437	0.1250607610327506	0.13597050795718432	0.12292095659637275	0.10263483179606218	0.11495707851321854	0.1078883583346819	0.13919391997219963	0.02974691722661409	0.061083159828786926	0.1469856557412602	0.06240885973294321	0	0.05229544886011241	0.04544598435779776	0.06396018706279905	0.05969646369185449	0.10166091652069514	0.11994016546035334	0.12028946745334351	0.1178285919809887	0.13311050692628343	0.07981950689312091	0.17723465550975476	0.10917241021541924	0.13927621917222657	0.04770393488238478	0.14275251060911662	0.10849873985784302	0.108542507213706	0.16917837506586222	0.08354468434294322
WSH066	205	0.08449704536609312	0.06516557197213166	0.1279051099333238	0.06568242031656951	0.10338445647314064	0.06709494965021427	0.08439720407865661	0.1006058491423665	0.12690918141955684	0.132119250917836	0.15234337780823404	0.10920013121963608	0.1380566823386159	0.1148884278839696	0.1521295675363248	0.034503529039127526	0.04157448703438549	0.14671474025362558	0.0775342707945336	0.05229544886011241	0	0.054701825329977714	0.035539248201474465	0.07171001796721069	0.1100789098562752	0.13751652393220903	0.13983909677055528	0.13508109058279585	0.15429591479948482	0.10325354898890036	0.19953717815992156	0.12525419038296629	0.15501743698785564	0.050575755945781314	0.1612740118649935	0.12308573335980302	0.12653172593709744	0.19790357000998232	0.09706462675990217
WSH067	206	0.07096806142255047	0.08839356424947213	0.10670341602092041	0.06637723771381907	0.09199221201737298	0.07024705816525988	0.07470239313139038	0.08988347944704486	0.11570327947506107	0.14091774903336077	0.12829266573589138	0.10713415321506309	0.12109946834777022	0.10735683242600216	0.13448794361988858	0.03512087290198695	0.05493853788232621	0.16035043909148028	0.07838302975368115	0.04544598435779776	0.054701825329977714	0	0.05820576884632178	0.06864991683592235	0.09785934749876356	0.11521606604943976	0.12831765831861347	0.11038735437099721	0.1345722788250772	0.09734377124365594	0.16295452294535567	0.11644864081443522	0.14025259711491156	0.05294961175708463	0.13835668817958693	0.11377289235796845	0.11417802195624285	0.15240057785818106	0.0937225738758276
WSH068	207	0.07477599449041314	0.057992073307636	0.11129350073344096	0.0861049565981031	0.1108562746638082	0.08745094665341349	0.07258824429393239	0.10331694967978872	0.12860312792302972	0.11180963671347861	0.13455123235894087	0.12240252318518606	0.12105741188752148	0.1229237235381479	0.13391003159075235	0.04869166873459814	0.01787886837455719	0.13133722294904102	0.10113843852509052	0.06396018706279905	0.035539248201474465	0.05820576884632178	0	0.09136370033100807	0.12209189923520139	0.11510160933797135	0.15246214725065327	0.11434285956643762	0.1317946084596369	0.11829899149721664	0.18371458893019443	0.13744481131854144	0.16571079006372647	0.07639832238290398	0.16495077118522888	0.136402906515002	0.1328308252076175	0.17750596129713914	0.10915769121052536
WSH069	208	0.07630598511764757	0.08950888953369382	0.10973039427077722	0.05289785328688821	0.09081332010327264	0.05056973152737529	0.07600701602097343	0.13563263555320457	0.15812454035120682	0.1456672175692039	0.12858393186361253	0.11971277344376147	0.13515610737430836	0.11517222756344415	0.15742817363745285	0.06062059587064514	0.08824551428142992	0.1869654968712982	0.06991708047726107	0.05969646369185449	0.07171001796721069	0.06864991683592235	0.09136370033100807	0	0.08370763789433974	0.13680088884888864	0.1122975309248175	0.13260427136898473	0.13598865418450576	0.11305220108229332	0.20626085689624288	0.12103055270574291	0.1449780105687815	0.060110198674221633	0.14284618428301288	0.12780103547896113	0.12205507719859142	0.17179709653349973	0.09730073352271716
WSH070	209	0.10580205447633473	0.12008482818916195	0.06789902344754757	0.09227592960740133	0.04637907110309891	0.08500932995843902	0.10142256544104329	0.08328414462321193	0.09790326283394184	0.09240257281535239	0.06823627981051429	0.04757826852824864	0.0769069929016444	0.04972534526852994	0.08971385007528698	0.09684316140712072	0.12045162192640892	0.12515396117080935	0.10613740954350952	0.10166091652069514	0.1100789098562752	0.09785934749876356	0.12209189923520139	0.08370763789433974	0	0.07195227516812748	0.05531840874643327	0.07055241514600037	0.07001794713547368	0.05533847141055159	0.14257974733444576	0.05617620796706784	0.07296928774744546	0.10571861395482295	0.09904376227023506	0.06817234231163997	0.12232629182077247	0.11063544910021926	0.04362672540126905
WSH071	210	0.12326359219136712	0.1357480232875689	0.06904477973040972	0.13457511654505935	0.08184208189656281	0.14099333150945845	0.12366099103548227	0.07860951310130412	0.08632278971587867	0.10701211661375684	0.06463944736345559	0.05978200973681818	0.019141189846727268	0.042039076414355114	0.05720066103025083	0.1181781088428842	0.11537137497948638	0.09457751675465315	0.1623142410018495	0.11994016546035334	0.13751652393220903	0.11521606604943976	0.11510160933797135	0.13680088884888864	0.07195227516812748	0	0.060038204292650894	0.011860341991194892	0.06631709397121816	0.054182998135772924	0.10265262238073851	0.03849863660795739	0.08176530638974724	0.1385696658153525	0.11839228707960912	0.05306989601632075	0.14300960061073917	0.1013591560477591	0.06468502164267487
WSH072	211	0.1309662858906433	0.14560633641462456	0.07761647475298747	0.11234655823198188	0.06374704702372544	0.11717057439475576	0.13087445657282035	0.09407186144703608	0.10722887731195818	0.1226332516200244	0.07816897630643528	0.06917630068542466	0.06694259940102275	0.05988805928336423	0.10261327427922565	0.12031776817948275	0.15066778932140565	0.1272921937381739	0.11282986963869406	0.12028946745334351	0.13983909677055528	0.12831765831861347	0.15246214725065327	0.1122975309248175	0.05531840874643327	0.060038204292650894	0	0.059359450361059364	0.07602986765717114	0.06027636834039245	0.13745832777097755	0.05638178369707738	0.06524551470810327	0.13434994507142808	0.11417786215079277	0.05860480590914455	0.15487695704133872	0.11214829839151085	0.07529703087704297
WSH073	212	0.12083610311973203	0.13404009821006235	0.06796412062696239	0.12776095576272986	0.07935086185281146	0.13537025686184478	0.1227667887020543	0.07471066324848671	0.0887500800455608	0.10501926122278876	0.0650483362613167	0.060338894730706034	0.025511784798874244	0.04170182677646735	0.06000635654932349	0.11321472337322898	0.11356937740899523	0.0949810888832143	0.15955124005258212	0.1178285919809887	0.13508109058279585	0.11038735437099721	0.11434285956643762	0.13260427136898473	0.07055241514600037	0.011860341991194892	0.059359450361059364	0	0.07070553423385065	0.05117340985507319	0.10415165289367105	0.04393331140667062	0.08304452539936615	0.1343739508863311	0.11525898311257719	0.052186073510130326	0.1402356971966135	0.10614163577056263	0.0652905042966838
WSH074	213	0.11591382270149195	0.1298921476788092	0.053395651538333554	0.12940350447708127	0.08075666439398292	0.14049490282505325	0.11847857611704317	0.0939941351674272	0.074117015374822	0.06955235553007535	0.0244277061524579	0.08456764028367583	0.06812556584698656	0.09284001708735613	0.05218327571135471	0.12926386953610913	0.12761490766803002	0.07215363969460128	0.14725220466061772	0.13311050692628343	0.15429591479948482	0.1345722788250772	0.1317946084596369	0.13598865418450576	0.07001794713547368	0.06631709397121816	0.07602986765717114	0.07070553423385065	0	0.06523789316074709	0.09448416766481994	0.08115482798700521	0.09864096511153236	0.1530280978910223	0.15228044116972309	0.09879183067336876	0.14999282896016025	0.05869336116411106	0.09481971847708816
WSH075	214	0.11644514091447113	0.1262026629964443	0.05461779716361037	0.09950767098573746	0.05529556038331859	0.11650465843745432	0.12915393941847098	0.050567760359589806	0.06281791871571751	0.09699680380652025	0.06107555938408602	0.04060759927894681	0.05485779307950416	0.053297386001389994	0.0713901827452633	0.0791555665071323	0.11084661257545401	0.08673767212345726	0.12378134704133467	0.07981950689312091	0.10325354898890036	0.09734377124365594	0.11829899149721664	0.11305220108229332	0.05533847141055159	0.054182998135772924	0.06027636834039245	0.05117340985507319	0.06523789316074709	0	0.10925880173002529	0.04652682892643374	0.0774224735288345	0.1054072235270172	0.11927025632192055	0.04763485173213826	0.13375858075625394	0.10497925290498299	0.05094139713360241
WSH076	215	0.17360152796851536	0.18889663544877758	0.11774302985871377	0.18924905268578318	0.14346257188693884	0.20819177114653395	0.19146341998832528	0.11370514215819155	0.09556633244675608	0.1410878772299815	0.09548343017327293	0.12254587153830382	0.10210722549053541	0.13306100702218054	0.09608946977535561	0.1776767231231813	0.17907795476874072	0.1050150987253983	0.21115487238123193	0.17723465550975476	0.19953717815992156	0.16295452294535567	0.18371458893019443	0.20626085689624288	0.14257974733444576	0.10265262238073851	0.13745832777097755	0.10415165289367105	0.09448416766481994	0.10925880173002529	0	0.12485823996071346	0.10328604070944593	0.2018080208049231	0.18841586527550558	0.13861776840993612	0.19143878439125964	0.05637547583022092	0.1390795874041809
WSH077	216	0.13751749333051955	0.14740259169072512	0.08681105877514791	0.12226789092883777	0.07291343930489633	0.12967154509282144	0.14271211181779894	0.07450778366033885	0.08241136832054974	0.12329431763456553	0.07755784983825416	0.04465444538934055	0.03825862279313901	0.02992343103412962	0.07717878331568265	0.10699104300076259	0.13222594593571244	0.10943203211965831	0.14692365677018254	0.10917241021541924	0.12525419038296629	0.11644864081443522	0.13744481131854144	0.12103055270574291	0.05617620796706784	0.03849863660795739	0.05638178369707738	0.04393331140667062	0.08115482798700521	0.04652682892643374	0.12485823996071346	0	0.07033406744425347	0.12148689583326208	0.10644826911698613	0.04721390178004639	0.12559702689183447	0.12177091887092147	0.046259969689271076
WSH078	217	0.16294509825849685	0.1761057267925418	0.10937587181769891	0.14986031596962676	0.09200857929401554	0.14870758869966352	0.15424525709072454	0.10931871317132133	0.11025667429008845	0.1543317177212806	0.10141135301221944	0.07097729013602434	0.08734986200085895	0.07719466772392149	0.09426019571453798	0.1405633848578446	0.164070512754934	0.12422221618238287	0.15312821460151932	0.13927621917222657	0.15501743698785564	0.14025259711491156	0.16571079006372647	0.1449780105687815	0.07296928774744546	0.08176530638974724	0.06524551470810327	0.08304452539936615	0.09864096511153236	0.0774224735288345	0.10328604070944593	0.07033406744425347	0	0.14504531924724165	0.11492095999899711	0.09163555857368369	0.14935950442483675	0.10239615614364139	0.07814592389336979
WSH079	218	0.08697704081417071	0.09733161961197517	0.12188644309689468	0.0681965879019561	0.10286035562340504	0.07029987087307557	0.08678689653310405	0.1304977450610391	0.15455704689073502	0.16097834515200235	0.14909201752785903	0.11549449974412355	0.1395064829524675	0.11990613215594863	0.15729051913327385	0.0450389790295663	0.07503411797604877	0.17853440816792795	0.052998701734489465	0.04770393488238478	0.050575755945781314	0.05294961175708463	0.07639832238290398	0.060110198674221633	0.10571861395482295	0.1385696658153525	0.13434994507142808	0.1343739508863311	0.1530280978910223	0.1054072235270172	0.2018080208049231	0.12148689583326208	0.14504531924724165	0	0.12254433370538274	0.09612158989076429	0.11684600892149866	0.19552984998552284	0.09895458418278
WSH080	219	0.16208672982647182	0.18700036258293382	0.13593698848865346	0.156125717225456	0.12072863690266925	0.15575855840284664	0.1624181562886181	0.13444976000024406	0.15749772542766913	0.17195900715855725	0.14154140616097285	0.11110047332284768	0.11874965293591891	0.1009319953292709	0.13847245949491438	0.14554168357964073	0.1677631864999949	0.18895330988743836	0.12892109195506443	0.14275251060911662	0.1612740118649935	0.13835668817958693	0.16495077118522888	0.14284618428301288	0.09904376227023506	0.11839228707960912	0.11417786215079277	0.11525898311257719	0.15228044116972309	0.11927025632192055	0.18841586527550558	0.10644826911698613	0.11492095999899711	0.12254433370538274	0	0.0971652972179869	0.11243475797358442	0.18496982817386065	0.08945510200946596
WSH081	220	0.14017237847712016	0.14912536687362807	0.08495750237393336	0.11934271239787445	0.06553493954477563	0.12686109837620158	0.14183497812718723	0.0798116086846907	0.10029649041062523	0.12183569823813067	0.09690049568195049	0.06249518979066644	0.061829283565667005	0.04424426523621479	0.09516076333637584	0.1042165487055401	0.13879087895237902	0.12742502801021452	0.12071795848069539	0.10849873985784302	0.12308573335980302	0.11377289235796845	0.136402906515002	0.12780103547896113	0.06817234231163997	0.05306989601632075	0.05860480590914455	0.052186073510130326	0.09879183067336876	0.04763485173213826	0.13861776840993612	0.04721390178004639	0.09163555857368369	0.09612158989076429	0.0971652972179869	0	0.13813446130586243	0.14263059852930568	0.06162520246827333
WSH082	221	0.1256825886103081	0.144007645312105	0.14000301484384647	0.11858005507772341	0.10786216040336599	0.11572844665127073	0.11811058975142805	0.15079730202412203	0.1466881971240656	0.15744054808398367	0.1383985571440886	0.12700676868012925	0.1446059490081067	0.11568626786974003	0.13328572545068393	0.11265675767487694	0.13947990487892262	0.1786279354823257	0.13928865167590584	0.108542507213706	0.12653172593709744	0.11417802195624285	0.1328308252076175	0.12205507719859142	0.12232629182077247	0.14300960061073917	0.15487695704133872	0.1402356971966135	0.14999282896016025	0.13375858075625394	0.19143878439125964	0.12559702689183447	0.14935950442483675	0.11684600892149866	0.11243475797358442	0.13813446130586243	0	0.18458458803722272	0.09972660789038439
WSH083	222	0.14460051085120662	0.16858335163520724	0.0853412347934749	0.16229962508026566	0.12032937029066731	0.17689798192180095	0.15498657294731988	0.10950213135269539	0.08703994297814552	0.11170166412393757	0.05723449645508402	0.121958652550854	0.10065519770239666	0.13590633852689207	0.08989196624205564	0.17450743975334135	0.17211727307558009	0.0974472264888556	0.18539326852308893	0.16917837506586222	0.19790357000998232	0.15240057785818106	0.17750596129713914	0.17179709653349973	0.11063544910021926	0.1013591560477591	0.11214829839151085	0.10614163577056263	0.05869336116411106	0.10497925290498299	0.05637547583022092	0.12177091887092147	0.10239615614364139	0.19552984998552284	0.18496982817386065	0.14263059852930568	0.18458458803722272	0	0.13622999987954204
WSH084	223	0.1168088359840923	0.1310296638972876	0.08139287030529217	0.10010019411867743	0.05112724655583763	0.09345207208109703	0.11121923889085511	0.0690170033336803	0.09201950160351162	0.10964351945669751	0.08702127899914382	0.04172742404247046	0.06891478945618346	0.03553053229131679	0.08117691934185296	0.08095592758280963	0.11112090914482912	0.12247748595652293	0.12326904040859002	0.08354468434294322	0.09706462675990217	0.0937225738758276	0.10915769121052536	0.09730073352271716	0.04362672540126905	0.06468502164267487	0.07529703087704297	0.0652905042966838	0.09481971847708816	0.05094139713360241	0.1390795874041809	0.046259969689271076	0.07814592389336979	0.09895458418278	0.08945510200946596	0.06162520246827333	0.09972660789038439	0.13622999987954204	0
