WSH046	185	0	0.03882806571570156	0.046324849961543534	0.021347101705004194	0.045945265535409646	0.03870142590121087	0.03312546150619083	0.0809291268624659	0.107354327334256	0.10402399680535714	0.09178601459226254	0.11548305843029441	0.09614451110420674	0.10755421373350033	0.10474036296528468	0.06447951862775327	0.07627017081884675	0.1304229196489753	0.041763196448016675	0.055996667470980914	0.0803094984170382	0.07102832865360191	0.07856200892546665	0.08323664004684452	0.12487718696423328	0.09349630872419806	0.11377722778132628	0.08688236302011836	0.11036455759856852	0.09004505789017145	0.13178603015176937	0.1173840313144977	0.14525872133369563	0.09788204902282968	0.13331111442020552	0.09717847724205475	0.0692712470755326	0.11670891724309133	0.10844531506442968
WSH047	186	0.03882806571570156	0	0.05753667924692261	0.03984578284349178	0.06547016875777578	0.03979126522641934	0.037315636963819204	0.08483542818449039	0.10707570956716729	0.10348230812589096	0.10082036541846008	0.12276970255514776	0.10380409071957694	0.11437268001598326	0.11542608562931012	0.07361543633412386	0.08125177108898023	0.13075928909462683	0.054053384836329404	0.06505878851654356	0.08163881428561974	0.08483504416899537	0.08133932668902213	0.09431248580115333	0.13640379751387974	0.10299007858324914	0.1253047220411473	0.09689012347293796	0.11893562786990237	0.09572060097772003	0.13824603848409012	0.12737904532416552	0.1567853318833421	0.1079079951381156	0.15030723683198904	0.10587635324210432	0.08366005700474778	0.12566138280742348	0.11956828800036964
WSH048	187	0.046324849961543534	0.05753667924692261	0	0.0504494460308956	0.03968799047717161	0.07039380429133094	0.06937963274258366	0.04968247543373515	0.07467254332048037	0.07541846146451991	0.06034069505687931	0.09231370022387952	0.07042638460727318	0.08670123097109939	0.08374892613352669	0.059590493863900085	0.07054372171672839	0.09384716466845774	0.04792154691426386	0.051825631702834184	0.07850106953956912	0.06893818631793741	0.07405857900120368	0.08151752865320577	0.10025529883530576	0.07120819405909817	0.08717908136333775	0.06570911108944597	0.07665258008136673	0.05622339858342651	0.09574540845788673	0.0948880099928377	0.12000866941746186	0.09568475951950374	0.12224793670913113	0.07119011596850068	0.0829445263635273	0.08168398065582778	0.0902960104021537
WSH049	188	0.021347101705004194	0.03984578284349178	0.0504494460308956	0	0.0350957975441578	0.029581326649160643	0.03714444320744117	0.08134813060963997	0.1059083594413846	0.10688417934326576	0.09791308135960632	0.10933326999367289	0.10143177911688973	0.09878355268223483	0.1131427007449541	0.05451055155613874	0.08012022021331583	0.1338252286507753	0.039850092114786836	0.04945850167304776	0.0721469356329649	0.07048011437602486	0.08144945973841457	0.07205735085325321	0.11875580306811566	0.09516242341234958	0.10567189683973266	0.08927071709544428	0.11466608027032191	0.08278049984882438	0.13747393561910362	0.11006856696631166	0.13859329562431957	0.0898381550249082	0.13384280214718655	0.08754580668788281	0.06843736770739567	0.12351064873636164	0.09853906661027059
WSH050	189	0.045945265535409646	0.06547016875777578	0.03968799047717161	0.0350957975441578	0	0.04164977505317589	0.0507753766293377	0.06792307580860137	0.09055784943449807	0.08382929306721086	0.08278912766874374	0.08105059338769217	0.08591022383142345	0.07187506260796005	0.08696549889713891	0.05933168339823355	0.08502776296175785	0.1189938228903477	0.050250338630296196	0.05608545507143497	0.07279658354473895	0.07251991220359234	0.07774875671750442	0.07642125675794478	0.09023690478383574	0.07557415833784407	0.08640766706928747	0.06872145879243582	0.09624768565756962	0.06819291315498174	0.11894771079367063	0.09337154899235024	0.11153271491306113	0.09062336092328346	0.11537017689421043	0.06445447967102932	0.06362311347601746	0.10623163302780284	0.07201743721815206
WSH051	190	0.03870142590121087	0.03979126522641934	0.07039380429133094	0.029581326649160643	0.04164977505317589	0	0.02906477965356131	0.09546521882464878	0.1166996621151737	0.11088722334119545	0.10738047370334	0.1085685080020382	0.10952313734261832	0.09505515087459888	0.11323342589894435	0.06304361421963156	0.08961940500708002	0.1441694022033374	0.04977685545764384	0.06158308174411021	0.07448659920392527	0.0768484118566773	0.08231907168772966	0.07223244241240269	0.11456549330263595	0.10362984270188537	0.11222948711459108	0.09595729929484464	0.12550404961773828	0.09444461010510499	0.14933861516536145	0.11987018731660039	0.1384458374955974	0.09263592936206692	0.13434876802567328	0.09641994080470156	0.06078918718313346	0.13257334064814436	0.09078993282130228
WSH052	191	0.03312546150619083	0.037315636963819204	0.06937963274258366	0.03714444320744117	0.0507753766293377	0.02906477965356131	0	0.1053150764140996	0.12749395219457532	0.11527333600681561	0.1131505597748253	0.12366242558693084	0.11391519891343868	0.11160460923588482	0.11482045676431778	0.07915377579125273	0.09348756519553905	0.15221892933463232	0.06134974798162274	0.07486421421274982	0.0874583935115454	0.08272732623509124	0.08467578779637891	0.09292608701330936	0.1312832980031289	0.10643040365558358	0.12937103948325757	0.09906860897088507	0.13168669356115906	0.11092511519065526	0.152241305160652	0.13754323418702163	0.15442514107528013	0.10644421816174422	0.14277894436294328	0.10889937980858888	0.07076681705323715	0.13809512223803672	0.11040251941967603
WSH053	192	0.0809291268624659	0.08483542818449039	0.04968247543373515	0.08134813060963997	0.06792307580860137	0.09546521882464878	0.1053150764140996	0	0.031797294639158265	0.05669893049851316	0.04630815518596588	0.06345915385793725	0.040696425608362716	0.05531998347098844	0.06042943462251412	0.05395647437103216	0.05238029391850522	0.06408209925203007	0.06353787275249136	0.05356341068811406	0.05926673576475867	0.056293883136226165	0.0595806161770653	0.08286398123937691	0.08091900203120028	0.045355141061716384	0.07259565445648938	0.04299882617645637	0.06409238230539077	0.03219396399334804	0.07298843060453875	0.06651804309111749	0.0962728539301304	0.07742834496555596	0.09929339744902295	0.04623425235172361	0.09042067736260116	0.06143232126696646	0.06586267194706637
WSH054	193	0.107354327334256	0.10707570956716729	0.07467254332048037	0.1059083594413846	0.09055784943449807	0.1166996621151737	0.12749395219457532	0.031797294639158265	0	0.05010346781647998	0.030059587809749034	0.06432571603073846	0.039675416701914615	0.05966410000815069	0.04885646677894663	0.07444443596252764	0.06894506746108564	0.04600432301091896	0.08276021136381519	0.06787588881598729	0.07198184645632244	0.07672323141120521	0.07605532136066288	0.08165120323690508	0.06870510878853255	0.04772032137134064	0.07432575936453573	0.05153840870341377	0.047043660108902915	0.03750616041228591	0.0595731011137347	0.05745489872493196	0.08441126350720804	0.07875019210198013	0.10021320383778115	0.054566868649733896	0.10389650639363945	0.04623910676252609	0.06910149508398887
WSH055	194	0.10402399680535714	0.10348230812589096	0.07541846146451991	0.10688417934326576	0.08382929306721086	0.11088722334119545	0.11527333600681561	0.05669893049851316	0.05010346781647998	0	0.04170170422895554	0.0593807795917892	0.0654328113777779	0.051581856721188014	0.03531682845035437	0.06247977704591331	0.050328918865376264	0.05136585629116103	0.08742398892910896	0.07294245567314922	0.05658616004864607	0.06078045260301364	0.0527076247269085	0.06333309577872613	0.06254708552443712	0.057089055636477246	0.07833907903344828	0.05912326913500185	0.04964691199272904	0.06499267329008127	0.09213798461034023	0.0645570609096726	0.08538272912633996	0.06375053585817267	0.09616641309166298	0.06287023612575104	0.1048532873099118	0.06625614601392285	0.06858227028027178
WSH056	195	0.09178601459226254	0.10082036541846008	0.06034069505687931	0.09791308135960632	0.08278912766874374	0.10738047370334	0.1131505597748253	0.04630815518596588	0.030059587809749034	0.04170170422895554	0	0.06075134785867052	0.03544414682535918	0.054245868325538106	0.03457400438647269	0.07244127205781767	0.07154711097248961	0.04676061071825963	0.07490564691684443	0.06705867754571447	0.07930103521476232	0.0744525819416298	0.0781524961603602	0.07236687112561961	0.0549502753112431	0.04075318371555461	0.06362999792980002	0.04471700498302548	0.026839094833582926	0.03994112023102461	0.06276773384519052	0.052494535741261415	0.07562735747015098	0.07644689633218633	0.08789731224423677	0.055328293240165624	0.1005449066856883	0.03452029756280712	0.06606580084168472
WSH057	196	0.11548305843029441	0.12276970255514776	0.09231370022387952	0.10933326999367289	0.08105059338769217	0.1085685080020382	0.12366242558693084	0.06345915385793725	0.06432571603073846	0.0593807795917892	0.06075134785867052	0	0.046619305527216194	0.03126734939532706	0.03849736794795403	0.061754381331555044	0.06304193041656858	0.0619179354869252	0.09077891909848762	0.07542036183681074	0.05194262754387009	0.060269679215453745	0.061459765080314574	0.0673099103391683	0.03449597199194892	0.04109511457572915	0.041909260373531584	0.04755895816136495	0.053038397440226245	0.0461007820630221	0.07882883078432479	0.030458057068273432	0.04696269350369081	0.056854260397227074	0.06046483006108341	0.05201874696302332	0.09619709120123589	0.07392654999101862	0.03156060734455811
WSH058	197	0.09614451110420674	0.10380409071957694	0.07042638460727318	0.10143177911688973	0.08591022383142345	0.10952313734261832	0.11391519891343868	0.040696425608362716	0.039675416701914615	0.0654328113777779	0.03544414682535918	0.046619305527216194	0	0.036099386213059574	0.04498971238288494	0.07183206779771069	0.06970854472498406	0.06586521588278517	0.07882124620202342	0.06853699751137875	0.07374555335099942	0.0716866237004193	0.07330490428946064	0.07444579239603784	0.05559073557874883	0.019693035428301316	0.05520782487778544	0.027842209167175638	0.04680893458676112	0.036812214802161375	0.0634371299683379	0.0377915600854008	0.07241359634288214	0.06820498300477876	0.071678739913802	0.0417923292875341	0.09072356049637838	0.056588116824987836	0.05113659476767353
WSH059	198	0.10755421373350033	0.11437268001598326	0.08670123097109939	0.09878355268223483	0.07187506260796005	0.09505515087459888	0.11160460923588482	0.05531998347098844	0.05966410000815069	0.051581856721188014	0.054245868325538106	0.03126734939532706	0.036099386213059574	0	0.03558491189014906	0.058897046270923646	0.062391448104503366	0.07643275933050352	0.08498363284460228	0.07362507663915416	0.05271174920428165	0.057299213507481656	0.06043205088650592	0.056619239427529444	0.040494608786427376	0.03202459003211672	0.05281681154932125	0.0370061617269201	0.060186645534773195	0.053504395509526716	0.08906421794496026	0.032355660367137475	0.06040689957271816	0.04937501356307372	0.06179391151652656	0.03733653861649949	0.0805693062412846	0.08363351491895034	0.0330509829222672
WSH060	199	0.10474036296528468	0.11542608562931012	0.08374892613352669	0.1131427007449541	0.08696549889713891	0.11323342589894435	0.11482045676431778	0.06042943462251412	0.04885646677894663	0.03531682845035437	0.03457400438647269	0.03849736794795403	0.04498971238288494	0.03558491189014906	0	0.06552164191743381	0.06316194108945582	0.050418361085507936	0.09126647946863181	0.07848562972858045	0.06075590472957476	0.0624332459514528	0.06231386139082565	0.06877771398902305	0.04790194077064052	0.036376916752927424	0.0629282945708315	0.040624334882214126	0.04018872690731715	0.05409108295068156	0.07626148650236979	0.04642974764255529	0.06341837971823026	0.05953254420459021	0.07606453144213887	0.050613801788857424	0.09195777729129377	0.06458262164919193	0.049655018142818766
WSH061	200	0.06447951862775327	0.07361543633412386	0.059590493863900085	0.05451055155613874	0.05933168339823355	0.06304361421963156	0.07915377579125273	0.05395647437103216	0.07444443596252764	0.06247977704591331	0.07244127205781767	0.061754381331555044	0.07183206779771069	0.058897046270923646	0.06552164191743381	0	0.031327279071656056	0.08790236941353075	0.0421055277383719	0.028573697203397308	0.026116744463850903	0.025623373802938464	0.032047987226572996	0.044036445534020585	0.0832612744981387	0.06140455448002373	0.06956722708587677	0.05511786957610633	0.08118405346611089	0.05622339958426193	0.11346185574107508	0.07755929971956387	0.09690170242315366	0.04955526364924577	0.10116075061250389	0.057768805107603904	0.07381418327341342	0.09622371871355671	0.06119240697492314
WSH062	201	0.07627017081884675	0.08125177108898023	0.07054372171672839	0.08012022021331583	0.08502776296175785	0.08961940500708002	0.09348756519553905	0.05238029391850522	0.06894506746108564	0.050328918865376264	0.07154711097248961	0.06304193041656858	0.06970854472498406	0.062391448104503366	0.06316194108945582	0.031327279071656056	0	0.07441888937146252	0.0645507841551818	0.04663793030563273	0.0285000687259465	0.022468864401742943	0.016465739238849888	0.04717413716521274	0.07557683228933597	0.056292769182025734	0.08120976098868671	0.057635175590416386	0.07979106597797278	0.06977423922670381	0.1088761256063698	0.07657436088957574	0.09703331277709215	0.048351361462053245	0.09365716008445386	0.07277248603263188	0.09169807503254343	0.09577384293344264	0.0677827309635769
WSH063	202	0.1304229196489753	0.13075928909462683	0.09384716466845774	0.1338252286507753	0.1189938228903477	0.1441694022033374	0.15221892933463232	0.06408209925203007	0.04600432301091896	0.05136585629116103	0.04676061071825963	0.0619179354869252	0.06586521588278517	0.07643275933050352	0.050418361085507936	0.08790236941353075	0.07441888937146252	0	0.11084887728387034	0.09075127186287335	0.08674911880376612	0.09475543721105882	0.08339291811865368	0.10048126270426332	0.0750628918665343	0.06897007200026006	0.07594267424514485	0.07246473091615847	0.04211115284305707	0.06196889884626242	0.06386224592376995	0.06243724173171764	0.08118154515018398	0.09839074265463905	0.11320347068090228	0.08404179774292188	0.13687003240309753	0.04987760811859554	0.08576706762343675
WSH064	203	0.041763196448016675	0.054053384836329404	0.04792154691426386	0.039850092114786836	0.050250338630296196	0.04977685545764384	0.06134974798162274	0.06353787275249136	0.08276021136381519	0.08742398892910896	0.07490564691684443	0.09077891909848762	0.07882124620202342	0.08498363284460228	0.09126647946863181	0.0421055277383719	0.0645507841551818	0.11084887728387034	0	0.032183669686932447	0.052821295877080295	0.053019345803612575	0.06279073432649199	0.05652267130361754	0.09804573227743864	0.07942280378294465	0.08345238185381508	0.07301818106645716	0.0922870853138697	0.06256360635142665	0.11457856559058091	0.09422313533462989	0.11277813620794157	0.0643097403642414	0.10817062199040477	0.06636587899644832	0.062589203529994	0.09897448998211744	0.08741187614447131
WSH065	204	0.055996667470980914	0.06505878851654356	0.051825631702834184	0.04945850167304776	0.05608545507143497	0.06158308174411021	0.07486421421274982	0.05356341068811406	0.06787588881598729	0.07294245567314922	0.06705867754571447	0.07542036183681074	0.06853699751137875	0.07362507663915416	0.07848562972858045	0.028573697203397308	0.04663793030563273	0.09075127186287335	0.032183669686932447	0	0.045180862127354955	0.04014539830149659	0.0492342042797159	0.04786485741656936	0.0946377502507664	0.06667631797914574	0.08326990877805743	0.06345500932633188	0.08310462021313367	0.05227434854496927	0.10572175304758157	0.0824442995208059	0.10781585576694597	0.057794208452987286	0.10803012161107794	0.06176675137827344	0.06823753459193704	0.08988034953768877	0.07524223763044693
WSH066	205	0.0803094984170382	0.08163881428561974	0.07850106953956912	0.0721469356329649	0.07279658354473895	0.07448659920392527	0.0874583935115454	0.05926673576475867	0.07198184645632244	0.05658616004864607	0.07930103521476232	0.05194262754387009	0.07374555335099942	0.05271174920428165	0.06075590472957476	0.026116744463850903	0.0285000687259465	0.08674911880376612	0.052821295877080295	0.045180862127354955	0	0.02541272742940957	0.019461085773064345	0.0398823562680287	0.07032305362954977	0.06382748957996155	0.07137879160270519	0.05967055170057132	0.08960028542102468	0.06434990050424796	0.12048032418991138	0.07077071550371707	0.0885470704342707	0.03726330428338478	0.08789540871296235	0.06207119568168363	0.07968486682119863	0.10622919220990032	0.050115712438392634
WSH067	206	0.07102832865360191	0.08483504416899537	0.06893818631793741	0.07048011437602486	0.07251991220359234	0.0768484118566773	0.08272732623509124	0.056293883136226165	0.07672323141120521	0.06078045260301364	0.0744525819416298	0.060269679215453745	0.0716866237004193	0.057299213507481656	0.0624332459514528	0.025623373802938464	0.022468864401742943	0.09475543721105882	0.053019345803612575	0.04014539830149659	0.02541272742940957	0	0.023484261456720487	0.03938224957736067	0.07102105406132672	0.06156634701201626	0.07680940078176689	0.05870153007813236	0.08506367733621319	0.07030277625086254	0.11177444731652725	0.07638097262291588	0.09236121379925924	0.03919458813281192	0.0823459479733443	0.06895349340365366	0.07787242688133134	0.09636213786528042	0.06068632803145623
WSH068	207	0.07856200892546665	0.08133932668902213	0.07405857900120368	0.08144945973841457	0.07774875671750442	0.08231907168772966	0.08467578779637891	0.0595806161770653	0.07605532136066288	0.0527076247269085	0.0781524961603602	0.061459765080314574	0.07330490428946064	0.06043205088650592	0.06231386139082565	0.032047987226572996	0.016465739238849888	0.08339291811865368	0.06279073432649199	0.0492342042797159	0.019461085773064345	0.023484261456720487	0	0.05068554516451775	0.07523370085573575	0.0611502749619681	0.08245173086281185	0.05696611644325195	0.08283297714613438	0.07308120376503004	0.11405634659990137	0.08149802925582954	0.09921616051725977	0.04811914801626343	0.09107753654790414	0.0754460385962471	0.08298285885495127	0.10004100631416912	0.056694307560297065
WSH069	208	0.08323664004684452	0.09431248580115333	0.08151752865320577	0.07205735085325321	0.07642125675794478	0.07223244241240269	0.09292608701330936	0.08286398123937691	0.08165120323690508	0.06333309577872613	0.07236687112561961	0.0673099103391683	0.07444579239603784	0.056619239427529444	0.06877771398902305	0.044036445534020585	0.04717413716521274	0.10048126270426332	0.05652267130361754	0.04786485741656936	0.0398823562680287	0.03938224957736067	0.05068554516451775	0	0.0600078660560049	0.06936778128131406	0.0743607123064761	0.07065444833978815	0.08004533392552315	0.07785678512116016	0.1197441087329305	0.06553818112017856	0.08387004327702587	0.03569555989455921	0.08302268952965224	0.06640043299171974	0.077881567064354	0.09797800795403208	0.06232095885997211
WSH070	209	0.12487718696423328	0.13640379751387974	0.10025529883530576	0.11875580306811566	0.09023690478383574	0.11456549330263595	0.1312832980031289	0.08091900203120028	0.06870510878853255	0.06254708552443712	0.0549502753112431	0.03449597199194892	0.05559073557874883	0.040494608786427376	0.04790194077064052	0.0832612744981387	0.07557683228933597	0.0750628918665343	0.09804573227743864	0.0946377502507664	0.07032305362954977	0.07102105406132672	0.07523370085573575	0.0600078660560049	0	0.050960889788579905	0.04877539927348498	0.058168108941470835	0.051575785909321235	0.0636772137233003	0.08755735310510956	0.03774531002961561	0.04905717235458601	0.045259449944066596	0.050719118672834025	0.062161380993054446	0.10776237504968512	0.0730292635894945	0.03911188250163963
WSH071	210	0.09349630872419806	0.10299007858324914	0.07120819405909817	0.09516242341234958	0.07557415833784407	0.10362984270188537	0.10643040365558358	0.045355141061716384	0.04772032137134064	0.057089055636477246	0.04075318371555461	0.04109511457572915	0.019693035428301316	0.03202459003211672	0.036376916752927424	0.06140455448002373	0.056292769182025734	0.06897007200026006	0.07942280378294465	0.06667631797914574	0.06382748957996155	0.06156634701201626	0.0611502749619681	0.06936778128131406	0.050960889788579905	0	0.046170932981904445	0.01294417917519176	0.04708464563946759	0.03855355682353873	0.07101771192998295	0.03875015887737134	0.06717740031862737	0.06377293883048754	0.0704081809569783	0.03340053481485732	0.08724025971547922	0.06527879148430282	0.04474826741155635
WSH072	211	0.11377722778132628	0.1253047220411473	0.08717908136333775	0.10567189683973266	0.08640766706928747	0.11222948711459108	0.12937103948325757	0.07259565445648938	0.07432575936453573	0.07833907903344828	0.06362999792980002	0.041909260373531584	0.05520782487778544	0.05281681154932125	0.0629282945708315	0.06956722708587677	0.08120976098868671	0.07594267424514485	0.08345238185381508	0.08326990877805743	0.07137879160270519	0.07680940078176689	0.08245173086281185	0.0743607123064761	0.04877539927348498	0.046170932981904445	0	0.045852095493122524	0.052441728297771564	0.051996384504897866	0.08222530580808869	0.04667952007756679	0.04474942238245198	0.07591661311947158	0.07716338639729367	0.05534413919866304	0.10994002498143529	0.07426554308246716	0.05196362077008235
WSH073	212	0.08688236302011836	0.09689012347293796	0.06570911108944597	0.08927071709544428	0.06872145879243582	0.09595729929484464	0.09906860897088507	0.04299882617645637	0.05153840870341377	0.05912326913500185	0.04471700498302548	0.04755895816136495	0.027842209167175638	0.0370061617269201	0.040624334882214126	0.05511786957610633	0.057635175590416386	0.07246473091615847	0.07301818106645716	0.06345500932633188	0.05967055170057132	0.05870153007813236	0.05696611644325195	0.07065444833978815	0.058168108941470835	0.01294417917519176	0.045852095493122524	0	0.05520136559283375	0.03983259512741239	0.0775728631833283	0.048370459378312504	0.07226271760542666	0.06801294562492549	0.07529875441483173	0.0344404529431158	0.08229724576828334	0.06987646239236847	0.04466274538661708
WSH074	213	0.11036455759856852	0.11893562786990237	0.07665258008136673	0.11466608027032191	0.09624768565756962	0.12550404961773828	0.13168669356115906	0.06409238230539077	0.047043660108902915	0.04964691199272904	0.026839094833582926	0.053038397440226245	0.04680893458676112	0.060186645534773195	0.04018872690731715	0.08118405346611089	0.07979106597797278	0.04211115284305707	0.0922870853138697	0.08310462021313367	0.08960028542102468	0.08506367733621319	0.08283297714613438	0.08004533392552315	0.051575785909321235	0.04708464563946759	0.052441728297771564	0.05520136559283375	0	0.04899041712731401	0.05562460323387155	0.045754408207315	0.0644980358598169	0.08304446763278762	0.08906246883803683	0.06191817835259552	0.11287538035599314	0.03197372572042208	0.06913616888245461
WSH075	214	0.09004505789017145	0.09572060097772003	0.05622339858342651	0.08278049984882438	0.06819291315498174	0.09444461010510499	0.11092511519065526	0.03219396399334804	0.03750616041228591	0.06499267329008127	0.03994112023102461	0.0461007820630221	0.036812214802161375	0.053504395509526716	0.05409108295068156	0.05622339958426193	0.06977423922670381	0.06196889884626242	0.06256360635142665	0.05227434854496927	0.06434990050424796	0.07030277625086254	0.07308120376503004	0.07785678512116016	0.0636772137233003	0.03855355682353873	0.051996384504897866	0.03983259512741239	0.04899041712731401	0	0.06518333227607621	0.050797459769266515	0.07700432310415431	0.07330694987428304	0.08966009119949309	0.034541524992682864	0.0924454871515422	0.05845138088744295	0.051850586727512624
WSH076	215	0.13178603015176937	0.13824603848409012	0.09574540845788673	0.13747393561910362	0.11894771079367063	0.14933861516536145	0.152241305160652	0.07298843060453875	0.0595731011137347	0.09213798461034023	0.06276773384519052	0.07882883078432479	0.0634371299683379	0.08906421794496026	0.07626148650236979	0.11346185574107508	0.1088761256063698	0.06386224592376995	0.11457856559058091	0.10572175304758157	0.12048032418991138	0.11177444731652725	0.11405634659990137	0.1197441087329305	0.08755735310510956	0.07101771192998295	0.08222530580808869	0.0775728631833283	0.05562460323387155	0.06518333227607621	0	0.071078740390202	0.0722398907482741	0.1129191289632989	0.11859664801488588	0.082916427084366	0.1265811411390352	0.040152607375073375	0.10233038648657873
WSH077	216	0.1173840313144977	0.12737904532416552	0.0948880099928377	0.11006856696631166	0.09337154899235024	0.11987018731660039	0.13754323418702163	0.06651804309111749	0.05745489872493196	0.0645570609096726	0.052494535741261415	0.030458057068273432	0.0377915600854008	0.032355660367137475	0.04642974764255529	0.07755929971956387	0.07657436088957574	0.06243724173171764	0.09422313533462989	0.0824442995208059	0.07077071550371707	0.07638097262291588	0.08149802925582954	0.06553818112017856	0.03774531002961561	0.03875015887737134	0.04667952007756679	0.048370459378312504	0.045754408207315	0.050797459769266515	0.071078740390202	0	0.04431566907060272	0.06313939625213306	0.061332730016478265	0.05067651337802806	0.09788656067797823	0.06781684991469196	0.04269889499511082
WSH078	217	0.14525872133369563	0.1567853318833421	0.12000866941746186	0.13859329562431957	0.11153271491306113	0.1384458374955974	0.15442514107528013	0.0962728539301304	0.08441126350720804	0.08538272912633996	0.07562735747015098	0.04696269350369081	0.07241359634288214	0.06040689957271816	0.06341837971823026	0.09690170242315366	0.09703331277709215	0.08118154515018398	0.11277813620794157	0.10781585576694597	0.0885470704342707	0.09236121379925924	0.09921616051725977	0.08387004327702587	0.04905717235458601	0.06717740031862737	0.04474942238245198	0.07226271760542666	0.0644980358598169	0.07700432310415431	0.0722398907482741	0.04431566907060272	0	0.07990767337745082	0.0788061863715419	0.07442011358216859	0.12330943787177587	0.07848222310027238	0.0691385605057029
WSH079	218	0.09788204902282968	0.1079079951381156	0.09568475951950374	0.0898381550249082	0.09062336092328346	0.09263592936206692	0.10644421816174422	0.07742834496555596	0.07875019210198013	0.06375053585817267	0.07644689633218633	0.056854260397227074	0.06820498300477876	0.04937501356307372	0.05953254420459021	0.04955526364924577	0.048351361462053245	0.09839074265463905	0.0643097403642414	0.057794208452987286	0.03726330428338478	0.03919458813281192	0.04811914801626343	0.03569555989455921	0.045259449944066596	0.06377293883048754	0.07591661311947158	0.06801294562492549	0.08304446763278762	0.07330694987428304	0.1129191289632989	0.06313939625213306	0.07990767337745082	0	0.0598180766768832	0.05428812178602487	0.08853351715774935	0.1054425109900845	0.05309471651183936
WSH080	219	0.13331111442020552	0.15030723683198904	0.12224793670913113	0.13384280214718655	0.11537017689421043	0.13434876802567328	0.14277894436294328	0.09929339744902295	0.10021320383778115	0.09616641309166298	0.08789731224423677	0.06046483006108341	0.071678739913802	0.06179391151652656	0.07606453144213887	0.10116075061250389	0.09365716008445386	0.11320347068090228	0.10817062199040477	0.10803012161107794	0.08789540871296235	0.0823459479733443	0.09107753654790414	0.08302268952965224	0.050719118672834025	0.0704081809569783	0.07716338639729367	0.07529875441483173	0.08906246883803683	0.08966009119949309	0.11859664801488588	0.061332730016478265	0.0788061863715419	0.0598180766768832	0	0.07778446380840003	0.09446706959920377	0.11008547728683432	0.056051963714071486
WSH081	220	0.09717847724205475	0.10587635324210432	0.07119011596850068	0.08754580668788281	0.06445447967102932	0.09641994080470156	0.10889937980858888	0.04623425235172361	0.054566868649733896	0.06287023612575104	0.055328293240165624	0.05201874696302332	0.0417923292875341	0.03733653861649949	0.050613801788857424	0.057768805107603904	0.07277248603263188	0.08404179774292188	0.06636587899644832	0.06176675137827344	0.06207119568168363	0.06895349340365366	0.0754460385962471	0.06640043299171974	0.062161380993054446	0.03340053481485732	0.05534413919866304	0.0344404529431158	0.06191817835259552	0.034541524992682864	0.082916427084366	0.05067651337802806	0.07442011358216859	0.05428812178602487	0.07778446380840003	0	0.08662541325821554	0.07786180980189333	0.055998138984161686
WSH082	221	0.0692712470755326	0.08366005700474778	0.0829445263635273	0.06843736770739567	0.06362311347601746	0.06078918718313346	0.07076681705323715	0.09042067736260116	0.10389650639363945	0.1048532873099118	0.1005449066856883	0.09619709120123589	0.09072356049637838	0.0805693062412846	0.09195777729129377	0.07381418327341342	0.09169807503254343	0.13687003240309753	0.062589203529994	0.06823753459193704	0.07968486682119863	0.07787242688133134	0.08298285885495127	0.077881567064354	0.10776237504968512	0.08724025971547922	0.10994002498143529	0.08229724576828334	0.11287538035599314	0.0924454871515422	0.1265811411390352	0.09788656067797823	0.12330943787177587	0.08853351715774935	0.09446706959920377	0.08662541325821554	0	0.1273468205513807	0.07996247521015515
WSH083	222	0.11670891724309133	0.12566138280742348	0.08168398065582778	0.12351064873636164	0.10623163302780284	0.13257334064814436	0.13809512223803672	0.06143232126696646	0.04623910676252609	0.06625614601392285	0.03452029756280712	0.07392654999101862	0.056588116824987836	0.08363351491895034	0.06458262164919193	0.09622371871355671	0.09577384293344264	0.04987760811859554	0.09897448998211744	0.08988034953768877	0.10622919220990032	0.09636213786528042	0.10004100631416912	0.09797800795403208	0.0730292635894945	0.06527879148430282	0.07426554308246716	0.06987646239236847	0.03197372572042208	0.05845138088744295	0.040152607375073375	0.06781684991469196	0.07848222310027238	0.1054425109900845	0.11008547728683432	0.07786180980189333	0.1273468205513807	0	0.09052518213394567
WSH084	223	0.10844531506442968	0.11956828800036964	0.0902960104021537	0.09853906661027059	0.07201743721815206	0.09078993282130228	0.11040251941967603	0.06586267194706637	0.06910149508398887	0.06858227028027178	0.06606580084168472	0.03156060734455811	0.05113659476767353	0.0330509829222672	0.049655018142818766	0.06119240697492314	0.0677827309635769	0.08576706762343675	0.08741187614447131	0.07524223763044693	0.050115712438392634	0.06068632803145623	0.056694307560297065	0.06232095885997211	0.03911188250163963	0.04474826741155635	0.05196362077008235	0.04466274538661708	0.06913616888245461	0.051850586727512624	0.10233038648657873	0.04269889499511082	0.0691385605057029	0.05309471651183936	0.056051963714071486	0.055998138984161686	0.07996247521015515	0.09052518213394567	0
