WSH046	185	0	0.10388322413304886	0.08551210275470007	0.09119607691879075	0.1273575094346161	0.14134316278828965	0.11440446261262315	0.14307655123165958	0.10625108082922209	0.1818449535807231	0.14242987132601004	0.1911070041186201	0.108017089410642	0.13301982469543547	0.1266015712030986	0.1517431891416058	0.1474326200793625	0.1384396662322639	0.11999656785559054	0.13466012938003405	0.15731937311776784	0.09530451494119636	0.13975304386683024	0.1616581644064427	0.1622773971850605	0.09265736385957621	0.13560468793088754	0.08900288550228955	0.09783287071474156	0.1443099494355451	0.10335878865306926	0.10834460549105826	0.11943885899342509	0.1236449208693981	0.1803207256257738	0.13673091165236867	0.12132683864578055	0.11697139764489414	0.09767384615800787
WSH047	186	0.10388322413304886	0	0.09690052580665048	0.12538657543045278	0.13511041606721688	0.07760267124158828	0.13515160010675034	0.10997571578276406	0.10982112430785933	0.14435059374684187	0.11521510025223329	0.14399539724033877	0.09674591226069092	0.14854488528634277	0.11412835588794458	0.16090147691015233	0.1530376477613382	0.16087877737041936	0.1429188604007029	0.15059111502740238	0.12357958274985167	0.12688623816418163	0.12222681415956178	0.2236829310818251	0.1751756767122085	0.1222134995782794	0.16194559403837272	0.1359626997901954	0.13473615209185177	0.17343834810406272	0.10651755446490274	0.13278958148752987	0.19262634208700036	0.120390099523702	0.1955627011462829	0.15195184722391203	0.14232222702836275	0.15239989645637353	0.0861898613746296
WSH048	187	0.08551210275470007	0.09690052580665048	0	0.12899817389916465	0.11642650920007652	0.09035631514646329	0.12275959021659644	0.12244456847144454	0.08070847896711085	0.1482274117099926	0.1112771836024592	0.14031217738711635	0.10184853402884284	0.1500507757553772	0.08925095467075143	0.15803539213679577	0.14328174998420093	0.1511403913926919	0.12277900227828473	0.10831262286082766	0.13620831526960425	0.13418522732342478	0.11438695313607895	0.20549584840250673	0.1958079735438849	0.13998040173991577	0.14266631525038273	0.15907103057682406	0.16135061426696537	0.19188680293687427	0.14643881066876618	0.1470011808743094	0.17184051221896834	0.15840350362489297	0.2123384976334994	0.17034626386516016	0.13642400299988336	0.15411597546777253	0.07425372658370372
WSH049	188	0.09119607691879075	0.12538657543045278	0.12899817389916465	0	0.08281790230446173	0.1457108279498923	0.07916799376639015	0.1430712577465514	0.15927622226546556	0.21627550472841184	0.16578951772015912	0.19951560037100805	0.15204148110972485	0.17090184162851996	0.1509828715007058	0.12748827307287905	0.16618191268838378	0.15531410385241443	0.10442448277310505	0.10077155553256444	0.13522740663240493	0.11453564649533819	0.14040864642743883	0.11559454820702965	0.13339613729549787	0.04400956557162393	0.12780199472225764	0.12189415184559611	0.13684598985059065	0.1356328336658233	0.11692785284579384	0.059756764651634126	0.1162227039624121	0.09370103272952193	0.12277832935322247	0.09985213001631182	0.06721914017282984	0.11462613608248291	0.142171811592827
WSH050	189	0.1273575094346161	0.13511041606721688	0.11642650920007652	0.08281790230446173	0	0.13314640181694629	0.13083213652936948	0.100365919478975	0.1330953883485519	0.18490998194389396	0.12433508369535134	0.18171232602459117	0.14870908047109815	0.14673806035833303	0.14023089230710703	0.08277055698692058	0.12072831476917961	0.14810494382968167	0.09879820736114978	0.08643756290949818	0.09397441952708693	0.11633157253107838	0.10838078685921865	0.14709563902448958	0.15574417890002176	0.07886294287033264	0.12859456569763728	0.1381810209563872	0.1503610835238245	0.15994716735254527	0.15843706404356744	0.09390038729185449	0.1701865786935624	0.10800473749790984	0.18064869631945354	0.152622949814214	0.10377670547399252	0.12448122383484383	0.14977945936063503
WSH051	190	0.14134316278828965	0.07760267124158828	0.09035631514646329	0.1457108279498923	0.13314640181694629	0	0.13504396616823258	0.12414439093765423	0.14135899511486533	0.12446571206060872	0.11019746680640649	0.10730435670590957	0.1412076642295591	0.1905377816429725	0.13354632098074473	0.17057570408345088	0.16212945647295443	0.16106036187682216	0.13981487649546456	0.12109387745684519	0.12777543170910605	0.1519754422389193	0.12766265833033272	0.239230486712347	0.21210965141644242	0.1550928965154999	0.15740830664937858	0.1937487751902845	0.19936526354519712	0.23585447713312238	0.17181976659406267	0.14507345827472917	0.2296230244811864	0.1580318211414866	0.234127770907385	0.19748901601445393	0.17925715975872084	0.16992577998145061	0.10846759405349767
WSH052	191	0.11440446261262315	0.13515160010675034	0.12275959021659644	0.07916799376639015	0.13083213652936948	0.13504396616823258	0	0.14199182437436297	0.1504927268351458	0.17798417519225948	0.139947289912899	0.16378000797972897	0.12889380106387482	0.16104344537162152	0.13086634348496923	0.16509385934428286	0.13938199957250075	0.12175808722183049	0.07582056674510221	0.11050038482013938	0.12389504663684513	0.10103090888582168	0.10795043441323249	0.14418559889950405	0.1187825564626311	0.10555032232834939	0.09712593500684893	0.11734077210727405	0.13311300050151484	0.20595468294255684	0.14730608764972394	0.11130335438113262	0.13376457684111473	0.11292091411144534	0.16621664742409992	0.13016660417931117	0.12366169504657214	0.10452528329917736	0.1298683238452721
WSH053	192	0.14307655123165958	0.10997571578276406	0.12244456847144454	0.1430712577465514	0.100365919478975	0.12414439093765423	0.14199182437436297	0	0.07174446225912998	0.11208435893963592	0.05732113284101955	0.13548342442614147	0.1315541902618935	0.10773845642903267	0.11556921979853332	0.09280886601089017	0.10393072534061253	0.11526934799093112	0.12775005853345828	0.09752689236263172	0.09197762868895742	0.09179426786901954	0.08616826834208123	0.19302001065792404	0.16946003833869422	0.11626798472127446	0.11112131509803833	0.14993929422468283	0.12436625582445611	0.16731381196243633	0.1001667137992573	0.12444229629007657	0.17939955545855893	0.10629116148723508	0.2087228246202131	0.1640653461010577	0.14067082521459431	0.12318103138653853	0.1055888037299034
WSH054	193	0.10625108082922209	0.10982112430785933	0.08070847896711085	0.15927622226546556	0.1330953883485519	0.14135899511486533	0.1504927268351458	0.07174446225912998	0	0.09531312347698988	0.07298573113415717	0.11612601408192504	0.10466177181933546	0.10970629278847846	0.11091539746778377	0.1188497528287118	0.12355647091211708	0.1379585515341295	0.14609233379419448	0.09589678705802922	0.13283468713485247	0.11064571386411205	0.10286623304803816	0.18899071667516926	0.1914836233575951	0.13556966429034878	0.13046872354070355	0.14595769545928466	0.12191015516316217	0.16581189764925686	0.11983209690766448	0.1398372931573445	0.16013281790203293	0.13773942275436124	0.21159015474937573	0.1784156962083099	0.14394980599048554	0.13953229876402887	0.08890172335467499
WSH055	194	0.1818449535807231	0.14435059374684187	0.1482274117099926	0.21627550472841184	0.18490998194389396	0.12446571206060872	0.17798417519225948	0.11208435893963592	0.09531312347698988	0	0.08872003061121476	0.09026723092992986	0.15242555362413812	0.14949703140594406	0.1663889795560531	0.1594136168939192	0.13326090662060527	0.11832143637514839	0.1739925190698532	0.12470355911478387	0.14079718675652006	0.14283581506147336	0.09958465406195306	0.2417642658863664	0.2001393092509092	0.18945968195091956	0.13588609840131263	0.19471315753623356	0.17611416499548116	0.24886213775508254	0.18448977784488613	0.1960650877097517	0.22188686577238936	0.17618564961671823	0.28131134323852713	0.23735164452008017	0.21800980159906663	0.17405414799649074	0.14068796520970445
WSH056	195	0.14242987132601004	0.11521510025223329	0.1112771836024592	0.16578951772015912	0.12433508369535134	0.11019746680640649	0.139947289912899	0.05732113284101955	0.07298573113415717	0.08872003061121476	0	0.0893141844992982	0.10601032485171497	0.11545376312292177	0.09815097370442734	0.13403189472340438	0.12178339746062553	0.13504175603533833	0.12534912212293933	0.08620521840383917	0.12156818504597151	0.1006052247805382	0.09217608031658085	0.19752431436548784	0.16594433687788931	0.14730414325709745	0.11419786642105223	0.15530390660123025	0.1347543139532444	0.20330087253607285	0.1406497966018769	0.14673980356762406	0.18882221194750198	0.11902908454101745	0.23332294920394206	0.18125143321787376	0.1680498332442969	0.13229148123123746	0.09221178995653112
WSH057	196	0.1911070041186201	0.14399539724033877	0.14031217738711635	0.19951560037100805	0.18171232602459117	0.10730435670590957	0.16378000797972897	0.13548342442614147	0.11612601408192504	0.09026723092992986	0.0893141844992982	0	0.1507066761347733	0.17855666729348257	0.12536437284465995	0.15339940291654033	0.1424660749991471	0.14268792325591825	0.15996027396418194	0.1209376069030209	0.1375975309485672	0.1584088819109122	0.12140849879795114	0.23916248149266006	0.205154106185322	0.18345154377429757	0.15286812494518986	0.19296224281636995	0.16979944082052376	0.25479627808183297	0.19063026258328936	0.18520662945417643	0.23130593654269965	0.155794530174052	0.2716916163749613	0.21816340195820408	0.21149403358528274	0.17139662029417538	0.12274628144171852
WSH058	197	0.108017089410642	0.09674591226069092	0.10184853402884284	0.15204148110972485	0.14870908047109815	0.1412076642295591	0.12889380106387482	0.1315541902618935	0.10466177181933546	0.15242555362413812	0.10601032485171497	0.1507066761347733	0	0.11930872541892841	0.08708723820383374	0.2066646177726544	0.15035947541354827	0.17328799608914738	0.12280601283363535	0.12786438372618245	0.1489491711904472	0.08555437206056202	0.13969674115356445	0.17537441003015433	0.15611962467491644	0.16325071210757336	0.13035991686892248	0.1302753901158984	0.10043624934302224	0.16529623219172793	0.12008828701180578	0.14529348513653112	0.16767961132322945	0.11278714102076931	0.21069520897460803	0.12969652775819868	0.18788028851563726	0.10911247276523832	0.06011123725417243
WSH059	198	0.13301982469543547	0.14854488528634277	0.1500507757553772	0.17090184162851996	0.14673806035833303	0.1905377816429725	0.16104344537162152	0.10773845642903267	0.10970629278847846	0.14949703140594406	0.11545376312292177	0.17855666729348257	0.11930872541892841	0	0.1616745884732618	0.16920938052335474	0.1144013161365491	0.1271546757782376	0.13306434699992778	0.13926442743060546	0.12155133705668754	0.07505032581544711	0.11356679048707333	0.1368687377335304	0.11163897753761373	0.1371311353908352	0.08091516000017335	0.07654121918036162	0.07867734554070786	0.12024085013379035	0.10162547374108682	0.1491491692658744	0.10973946580089729	0.10181801249379735	0.20441298805700353	0.13352875684868676	0.12921389837223674	0.10517011219103348	0.13330019918715852
WSH060	199	0.1266015712030986	0.11412835588794458	0.08925095467075143	0.1509828715007058	0.14023089230710703	0.13354632098074473	0.13086634348496923	0.11556921979853332	0.11091539746778377	0.1663889795560531	0.09815097370442734	0.12536437284465995	0.08708723820383374	0.1616745884732618	0	0.1744749457479805	0.16519217702539032	0.1770934016093686	0.1431339163283165	0.1217678523439834	0.16213393083214184	0.11845424967610081	0.1370585907926112	0.20008111430911235	0.1969215667060617	0.16231210172960514	0.14081401326827517	0.16020621973005877	0.12982876342857735	0.19210645352405972	0.1292558764318138	0.14131943587342488	0.16433713847163595	0.13244511694484812	0.20329342989617002	0.1364645178263341	0.18647584995204544	0.1275427694868977	0.04588379424950335
WSH061	200	0.1517431891416058	0.16090147691015233	0.15803539213679577	0.12748827307287905	0.08277055698692058	0.17057570408345088	0.16509385934428286	0.09280886601089017	0.1188497528287118	0.1594136168939192	0.13403189472340438	0.15339940291654033	0.2066646177726544	0.16920938052335474	0.1744749457479805	0	0.08743815626098615	0.10146534197937745	0.12663782821195604	0.1060336679374329	0.08473067514215767	0.15858472610126367	0.10140115188532779	0.1973939098632972	0.17571630230579746	0.09422284543000937	0.14588094488309436	0.1522371420241253	0.15896264020648768	0.1947170515843432	0.1749896422431558	0.13162774758958526	0.19994377180606399	0.15316453801029317	0.21948414827695747	0.21430039805001289	0.12533994572782264	0.16889921890299514	0.18380990026446264
WSH062	201	0.1474326200793625	0.1530376477613382	0.14328174998420093	0.16618191268838378	0.12072831476917961	0.16212945647295443	0.13938199957250075	0.10393072534061253	0.12355647091211708	0.13326090662060527	0.12178339746062553	0.1424660749991471	0.15035947541354827	0.1144013161365491	0.16519217702539032	0.08743815626098615	0	0.05109340089262904	0.0869069006271728	0.11835905504361344	0.05228842972134897	0.11444067103906289	0.04728542609828331	0.19234544873715834	0.12059619546998392	0.1351415734256499	0.10267534522315053	0.10909771454241866	0.11241054102268547	0.2138556932138394	0.17241068938696907	0.16792006723508213	0.18746474411987554	0.13108233756698176	0.2522904401280149	0.19015740692809713	0.16238412841567382	0.1265595873099987	0.15653780130000022
WSH063	202	0.1384396662322639	0.16087877737041936	0.1511403913926919	0.15531410385241443	0.14810494382968167	0.16106036187682216	0.12175808722183049	0.11526934799093112	0.1379585515341295	0.11832143637514839	0.13504175603533833	0.14268792325591825	0.17328799608914738	0.1271546757782376	0.1770934016093686	0.10146534197937745	0.05109340089262904	0	0.11389923991667461	0.12372214207488462	0.07792300315415394	0.12472459539704077	0.05569672575122202	0.2019676863740037	0.13135547684007276	0.12401933165061924	0.09346882613352332	0.11628620803162244	0.12387241437507261	0.22463258164946395	0.16024849305446054	0.15841648913784454	0.18191586467380697	0.13752880156274397	0.24368700696896523	0.1996354892980174	0.15822604527191853	0.1331389468536548	0.16637303647369212
WSH064	203	0.11999656785559054	0.1429188604007029	0.12277900227828473	0.10442448277310505	0.09879820736114978	0.13981487649546456	0.07582056674510221	0.12775005853345828	0.14609233379419448	0.1739925190698532	0.12534912212293933	0.15996027396418194	0.12280601283363535	0.13306434699992778	0.1431339163283165	0.12663782821195604	0.0869069006271728	0.11389923991667461	0	0.10099888883480476	0.09036914088103062	0.0977735307882322	0.09341709869606636	0.13856716112716513	0.10323527777047961	0.12788715972435674	0.09189688027089447	0.09759973753441199	0.10785061908765171	0.2047364900540391	0.16538817221119187	0.13477420542201432	0.1530919280835816	0.11003850887328442	0.19085038592548234	0.12849410354238758	0.11870970413526975	0.10337710907848534	0.14134359344441047
WSH065	204	0.13466012938003405	0.15059111502740238	0.10831262286082766	0.10077155553256444	0.08643756290949818	0.12109387745684519	0.11050038482013938	0.09752689236263172	0.09589678705802922	0.12470355911478387	0.08620521840383917	0.1209376069030209	0.12786438372618245	0.13926442743060546	0.1217678523439834	0.1060336679374329	0.11835905504361344	0.12372214207488462	0.10099888883480476	0	0.10883864555925726	0.10072827108941278	0.08968313348501361	0.13242972427412816	0.1651510690398077	0.10143925934352514	0.08530330338908053	0.14960501425819914	0.13868232416968465	0.176436362083436	0.15466460768728701	0.08212110803430384	0.14118926510265112	0.12141247154529419	0.16555842404952686	0.15932273022350588	0.12150820257091066	0.11142617720427497	0.1186417082037844
WSH066	205	0.15731937311776784	0.12357958274985167	0.13620831526960425	0.13522740663240493	0.09397441952708693	0.12777543170910605	0.12389504663684513	0.09197762868895742	0.13283468713485247	0.14079718675652006	0.12156818504597151	0.1375975309485672	0.1489491711904472	0.12155133705668754	0.16213393083214184	0.08473067514215767	0.05228842972134897	0.07792300315415394	0.09036914088103062	0.10883864555925726	0	0.10879665047446523	0.05438935980631329	0.18430357373995257	0.11687472712577224	0.10538469999425	0.09813758276677119	0.1184254497704514	0.126140652717639	0.18749968787832805	0.14758018408632478	0.1352630090779218	0.18138422362920958	0.0989841526718601	0.2228843256996786	0.15988589672762737	0.1333492796403374	0.11616868437098758	0.15416898944117946
WSH067	206	0.09530451494119636	0.12688623816418163	0.13418522732342478	0.11453564649533819	0.11633157253107838	0.1519754422389193	0.10103090888582168	0.09179426786901954	0.11064571386411205	0.14283581506147336	0.1006052247805382	0.1584088819109122	0.08555437206056202	0.07505032581544711	0.11845424967610081	0.15858472610126367	0.11444067103906289	0.12472459539704077	0.0977735307882322	0.10072827108941278	0.10879665047446523	0	0.10271963424301414	0.11464594695260946	0.10974654375034686	0.102589524456851	0.07886407772366001	0.09328794115474298	0.07056282307656547	0.13735213062858004	0.09211730901703216	0.09174294499512772	0.12176133132649809	0.06053597329724159	0.17885996035934315	0.10682453996492938	0.14980289103778396	0.04812266832755982	0.09157562185797992
WSH068	207	0.13975304386683024	0.12222681415956178	0.11438695313607895	0.14040864642743883	0.10838078685921865	0.12766265833033272	0.10795043441323249	0.08616826834208123	0.10286623304803816	0.09958465406195306	0.09217608031658085	0.12140849879795114	0.13969674115356445	0.11356679048707333	0.1370585907926112	0.10140115188532779	0.04728542609828331	0.05569672575122202	0.09341709869606636	0.08968313348501361	0.05438935980631329	0.10271963424301414	0	0.18593426459811957	0.106990413010562	0.10947369221697643	0.078296542158938	0.11867282806441354	0.12460153910684137	0.21331188436053236	0.15137106610074244	0.14278994588779648	0.16607111502334704	0.12028961936822581	0.2304045855596839	0.1821392045518528	0.14269958822631823	0.11806401749285012	0.12925979030257262
WSH069	208	0.1616581644064427	0.2236829310818251	0.20549584840250673	0.11559454820702965	0.14709563902448958	0.239230486712347	0.14418559889950405	0.19302001065792404	0.18899071667516926	0.2417642658863664	0.19752431436548784	0.23916248149266006	0.17537441003015433	0.1368687377335304	0.20008111430911235	0.1973939098632972	0.19234544873715834	0.2019676863740037	0.13856716112716513	0.13242972427412816	0.18430357373995257	0.11464594695260946	0.18593426459811957	0	0.11751603815400546	0.1316196194184243	0.1222535718161619	0.13107689978223167	0.14114130831614566	0.12061463406843838	0.15187563647591173	0.11048196342232738	0.08256722793887425	0.12712604655870574	0.14630340799862568	0.11809673689947249	0.1393258779164612	0.0950765029074136	0.19384963914360304
WSH070	209	0.1622773971850605	0.1751756767122085	0.1958079735438849	0.13339613729549787	0.15574417890002176	0.21210965141644242	0.1187825564626311	0.16946003833869422	0.1914836233575951	0.2001393092509092	0.16594433687788931	0.205154106185322	0.15611962467491644	0.11163897753761373	0.1969215667060617	0.17571630230579746	0.12059619546998392	0.13135547684007276	0.10323527777047961	0.1651510690398077	0.11687472712577224	0.10974654375034686	0.106990413010562	0.11751603815400546	0	0.12955762282367864	0.09563350169842798	0.08706784601999738	0.12353496368232572	0.1852277934448861	0.17008823395163228	0.16132053204356053	0.1323334952918625	0.1112184778471297	0.21841959332434058	0.15229350442432912	0.14372850584557795	0.12299764456030271	0.18264679769705552
WSH071	210	0.09265736385957621	0.1222134995782794	0.13998040173991577	0.04400956557162393	0.07886294287033264	0.1550928965154999	0.10555032232834939	0.11626798472127446	0.13556966429034878	0.18945968195091956	0.14730414325709745	0.18345154377429757	0.16325071210757336	0.1371311353908352	0.16231210172960514	0.09422284543000937	0.1351415734256499	0.12401933165061924	0.12788715972435674	0.10143925934352514	0.10538469999425	0.102589524456851	0.10947369221697643	0.1316196194184243	0.12955762282367864	0	0.1198969597403795	0.10221996916297497	0.10941850430005395	0.11630081496520127	0.09810999160472834	0.054307117242451367	0.12490499895976684	0.07422259096844183	0.1458655252503984	0.12532095051823605	0.06595906475162026	0.10931908464425863	0.15196166515904133
WSH072	211	0.13560468793088754	0.16194559403837272	0.14266631525038273	0.12780199472225764	0.12859456569763728	0.15740830664937858	0.09712593500684893	0.11112131509803833	0.13046872354070355	0.13588609840131263	0.11419786642105223	0.15286812494518986	0.13035991686892248	0.08091516000017335	0.14081401326827517	0.14588094488309436	0.10267534522315053	0.09346882613352332	0.09189688027089447	0.08530330338908053	0.09813758276677119	0.07886407772366001	0.078296542158938	0.1222535718161619	0.09563350169842798	0.1198969597403795	0	0.09768069000154816	0.11240225122236332	0.17462308800103818	0.1355004544606651	0.1044969206360739	0.10311352953149207	0.09806519836751691	0.18259041005141222	0.14046578964194478	0.13776211702469127	0.08720034434918851	0.13392809476785675
WSH073	212	0.08900288550228955	0.1359626997901954	0.15907103057682406	0.12189415184559611	0.1381810209563872	0.1937487751902845	0.11734077210727405	0.14993929422468283	0.14595769545928466	0.19471315753623356	0.15530390660123025	0.19296224281636995	0.1302753901158984	0.07654121918036162	0.16020621973005877	0.1522371420241253	0.10909771454241866	0.11628620803162244	0.09759973753441199	0.14960501425819914	0.1184254497704514	0.09328794115474298	0.11867282806441354	0.13107689978223167	0.08706784601999738	0.10221996916297497	0.09768069000154816	0	0.060245505849302376	0.13294529030924174	0.11736845181728868	0.13462520825847937	0.11420881611798565	0.09197411314042242	0.20106114593874105	0.12464601391059425	0.11881880656716583	0.10801442511368714	0.146267174903275
WSH074	213	0.09783287071474156	0.13473615209185177	0.16135061426696537	0.13684598985059065	0.1503610835238245	0.19936526354519712	0.13311300050151484	0.12436625582445611	0.12191015516316217	0.17611416499548116	0.1347543139532444	0.16979944082052376	0.10043624934302224	0.07867734554070786	0.12982876342857735	0.15896264020648768	0.11241054102268547	0.12387241437507261	0.10785061908765171	0.13868232416968465	0.126140652717639	0.07056282307656547	0.12460153910684137	0.14114130831614566	0.12353496368232572	0.10941850430005395	0.11240225122236332	0.060245505849302376	0	0.13096427553413906	0.0883932476036764	0.11646226900507702	0.1231456787890438	0.06496091610813427	0.18695895951953354	0.10289307112092497	0.13210644990034076	0.0775023077882009	0.11980658587002976
WSH075	214	0.1443099494355451	0.17343834810406272	0.19188680293687427	0.1356328336658233	0.15994716735254527	0.23585447713312238	0.20595468294255684	0.16731381196243633	0.16581189764925686	0.24886213775508254	0.20330087253607285	0.25479627808183297	0.16529623219172793	0.12024085013379035	0.19210645352405972	0.1947170515843432	0.2138556932138394	0.22463258164946395	0.2047364900540391	0.176436362083436	0.18749968787832805	0.13735213062858004	0.21331188436053236	0.12061463406843838	0.1852277934448861	0.11630081496520127	0.17462308800103818	0.13294529030924174	0.13096427553413906	0	0.07394188843953803	0.12478751340046249	0.1064969284472114	0.12058908944772687	0.15554058861584974	0.10492498784626603	0.1317470709063496	0.13219971345212053	0.17150517254570463
WSH076	215	0.10335878865306926	0.10651755446490274	0.14643881066876618	0.11692785284579384	0.15843706404356744	0.17181976659406267	0.14730608764972394	0.1001667137992573	0.11983209690766448	0.18448977784488613	0.1406497966018769	0.19063026258328936	0.12008828701180578	0.10162547374108682	0.1292558764318138	0.1749896422431558	0.17241068938696907	0.16024849305446054	0.16538817221119187	0.15466460768728701	0.14758018408632478	0.09211730901703216	0.15137106610074244	0.15187563647591173	0.17008823395163228	0.09810999160472834	0.1355004544606651	0.11736845181728868	0.0883932476036764	0.07394188843953803	0	0.10590711750011401	0.11040288690097103	0.08013847922012773	0.1454227433171369	0.07908107983476005	0.12217580664561208	0.09101119953130535	0.10719497341434475
WSH077	216	0.10834460549105826	0.13278958148752987	0.1470011808743094	0.059756764651634126	0.09390038729185449	0.14507345827472917	0.11130335438113262	0.12444229629007657	0.1398372931573445	0.1960650877097517	0.14673980356762406	0.18520662945417643	0.14529348513653112	0.1491491692658744	0.14131943587342488	0.13162774758958526	0.16792006723508213	0.15841648913784454	0.13477420542201432	0.08212110803430384	0.1352630090779218	0.09174294499512772	0.14278994588779648	0.11048196342232738	0.16132053204356053	0.054307117242451367	0.1044969206360739	0.13462520825847937	0.11646226900507702	0.12478751340046249	0.10590711750011401	0	0.1150449199315267	0.07472740772044217	0.11327457581418375	0.11071392780895403	0.10424987673954718	0.08537533110785704	0.13877843029360146
WSH078	217	0.11943885899342509	0.19262634208700036	0.17184051221896834	0.1162227039624121	0.1701865786935624	0.2296230244811864	0.13376457684111473	0.17939955545855893	0.16013281790203293	0.22188686577238936	0.18882221194750198	0.23130593654269965	0.16767961132322945	0.10973946580089729	0.16433713847163595	0.19994377180606399	0.18746474411987554	0.18191586467380697	0.1530919280835816	0.14118926510265112	0.18138422362920958	0.12176133132649809	0.16607111502334704	0.08256722793887425	0.1323334952918625	0.12490499895976684	0.10311352953149207	0.11420881611798565	0.1231456787890438	0.1064969284472114	0.11040288690097103	0.1150449199315267	0	0.13043256087958424	0.1171602180488777	0.08728776068057734	0.11485458522108867	0.10128360519636209	0.15958497735894148
WSH079	218	0.1236449208693981	0.120390099523702	0.15840350362489297	0.09370103272952193	0.10800473749790984	0.1580318211414866	0.11292091411144534	0.10629116148723508	0.13773942275436124	0.17618564961671823	0.11902908454101745	0.155794530174052	0.11278714102076931	0.10181801249379735	0.13244511694484812	0.15316453801029317	0.13108233756698176	0.13752880156274397	0.11003850887328442	0.12141247154529419	0.0989841526718601	0.06053597329724159	0.12028961936822581	0.12712604655870574	0.1112184778471297	0.07422259096844183	0.09806519836751691	0.09197411314042242	0.06496091610813427	0.12058908944772687	0.08013847922012773	0.07472740772044217	0.13043256087958424	0	0.16257118384027014	0.0791704456936438	0.11829579879761495	0.06090606804576824	0.12547546684486288
WSH080	219	0.1803207256257738	0.1955627011462829	0.2123384976334994	0.12277832935322247	0.18064869631945354	0.234127770907385	0.16621664742409992	0.2087228246202131	0.21159015474937573	0.28131134323852713	0.23332294920394206	0.2716916163749613	0.21069520897460803	0.20441298805700353	0.20329342989617002	0.21948414827695747	0.2522904401280149	0.24368700696896523	0.19085038592548234	0.16555842404952686	0.2228843256996786	0.17885996035934315	0.2304045855596839	0.14630340799862568	0.21841959332434058	0.1458655252503984	0.18259041005141222	0.20106114593874105	0.18695895951953354	0.15554058861584974	0.1454227433171369	0.11327457581418375	0.1171602180488777	0.16257118384027014	0	0.12009340517922423	0.12536790163831638	0.15357842266146637	0.20273710773514822
WSH081	220	0.13673091165236867	0.15195184722391203	0.17034626386516016	0.09985213001631182	0.152622949814214	0.19748901601445393	0.13016660417931117	0.1640653461010577	0.1784156962083099	0.23735164452008017	0.18125143321787376	0.21816340195820408	0.12969652775819868	0.13352875684868676	0.1364645178263341	0.21430039805001289	0.19015740692809713	0.1996354892980174	0.12849410354238758	0.15932273022350588	0.15988589672762737	0.10682453996492938	0.1821392045518528	0.11809673689947249	0.15229350442432912	0.12532095051823605	0.14046578964194478	0.12464601391059425	0.10289307112092497	0.10492498784626603	0.07908107983476005	0.11071392780895403	0.08728776068057734	0.0791704456936438	0.12009340517922423	0	0.12316520023688259	0.08238372573751852	0.14084570649532283
WSH082	221	0.12132683864578055	0.14232222702836275	0.13642400299988336	0.06721914017282984	0.10377670547399252	0.17925715975872084	0.12366169504657214	0.14067082521459431	0.14394980599048554	0.21800980159906663	0.1680498332442969	0.21149403358528274	0.18788028851563726	0.12921389837223674	0.18647584995204544	0.12533994572782264	0.16238412841567382	0.15822604527191853	0.11870970413526975	0.12150820257091066	0.1333492796403374	0.14980289103778396	0.14269958822631823	0.1393258779164612	0.14372850584557795	0.06595906475162026	0.13776211702469127	0.11881880656716583	0.13210644990034076	0.1317470709063496	0.12217580664561208	0.10424987673954718	0.11485458522108867	0.11829579879761495	0.12536790163831638	0.12316520023688259	0	0.1585408571588923	0.18005941824959015
WSH083	222	0.11697139764489414	0.15239989645637353	0.15411597546777253	0.11462613608248291	0.12448122383484383	0.16992577998145061	0.10452528329917736	0.12318103138653853	0.13953229876402887	0.17405414799649074	0.13229148123123746	0.17139662029417538	0.10911247276523832	0.10517011219103348	0.1275427694868977	0.16889921890299514	0.1265595873099987	0.1331389468536548	0.10337710907848534	0.11142617720427497	0.11616868437098758	0.04812266832755982	0.11806401749285012	0.0950765029074136	0.12299764456030271	0.10931908464425863	0.08720034434918851	0.10801442511368714	0.0775023077882009	0.13219971345212053	0.09101119953130535	0.08537533110785704	0.10128360519636209	0.06090606804576824	0.15357842266146637	0.08238372573751852	0.1585408571588923	0	0.12122417531569024
WSH084	223	0.09767384615800787	0.0861898613746296	0.07425372658370372	0.142171811592827	0.14977945936063503	0.10846759405349767	0.1298683238452721	0.1055888037299034	0.08890172335467499	0.14068796520970445	0.09221178995653112	0.12274628144171852	0.06011123725417243	0.13330019918715852	0.04588379424950335	0.18380990026446264	0.15653780130000022	0.16637303647369212	0.14134359344441047	0.1186417082037844	0.15416898944117946	0.09157562185797992	0.12925979030257262	0.19384963914360304	0.18264679769705552	0.15196166515904133	0.13392809476785675	0.146267174903275	0.11980658587002976	0.17150517254570463	0.10719497341434475	0.13877843029360146	0.15958497735894148	0.12547546684486288	0.20273710773514822	0.14084570649532283	0.18005941824959015	0.12122417531569024	0
