WSH046	185	0	0.07756475423223194	0.08774133229037405	0.04944870050145421	0.057516996124461504	0.11148877453134137	0.07916245997837947	0.07726827266493741	0.06250219966157201	0.08963117877046672	0.07709231022696726	0.14319496145172456	0.09393395502208331	0.10266896616243748	0.11254784220111748	0.07157336476100372	0.09721211161172123	0.0805405101486896	0.07006073668273148	0.06845121968601646	0.07268460233592214	0.05895974789292486	0.0802558643581139	0.09314941584557937	0.12112505680351414	0.042063126297235964	0.0658826510224485	0.0486600901826774	0.05978933412394941	0.0711601103499038	0.05632398451948428	0.04605944010770558	0.11393756426441363	0.05549343116879408	0.13185396480590522	0.06659568514589005	0.07487871307498928	0.06038597067675536	0.09489477762048347
WSH047	186	0.07756475423223194	0	0.049955972381271765	0.06945269546049812	0.08038578512338437	0.052492760644782976	0.058082703415618935	0.07921189568488314	0.07594579920631993	0.08596252889824438	0.07123902479172928	0.08651138711262799	0.05272743125818008	0.13770811001915484	0.06718906975804449	0.10405864995435354	0.12594319625408987	0.10519877568671375	0.07162541188923052	0.07624527617505145	0.0924907317177454	0.09314064851826001	0.10137844177734881	0.14168729424203483	0.15338822983824602	0.09223890010673864	0.11841201773442524	0.10573922953176962	0.1030495640705189	0.12559172432990767	0.07322078082026513	0.09439549390791052	0.17835063689875713	0.089113315076968	0.161852429173457	0.10686541925088129	0.11329870846570639	0.10645775732830709	0.058089246223308
WSH048	187	0.08774133229037405	0.049955972381271765	0	0.083012514635241	0.08728893704185685	0.05773052154502781	0.059110530730106345	0.0883083302273154	0.07464035706673514	0.09452449385909681	0.07960564984947413	0.0865964047644779	0.05952011108446224	0.15233798543542765	0.05282513276637068	0.11358121116070058	0.1332647136680526	0.11597360008374208	0.07638455628569721	0.07699915808511139	0.11335914984330507	0.11313517232278684	0.10909994785115336	0.15061210750512624	0.17447503707799067	0.10959305625415602	0.12759051599158638	0.12846657454088162	0.1258652608573914	0.1428421342471503	0.09667576196061177	0.10987702273195182	0.18457218679450282	0.11136387004090839	0.17975667237321757	0.1196151184680559	0.12419572522902397	0.11957101142270503	0.05496339167227387
WSH049	188	0.04944870050145421	0.06945269546049812	0.083012514635241	0	0.05109435443553412	0.09672958570324147	0.049204775641732	0.07894987746425015	0.078586162649533	0.10465839229046148	0.07566251027288962	0.13108323973141345	0.09145563280038742	0.12573475641797965	0.10384685205288083	0.0789830546269639	0.11839789297758357	0.09195666157304445	0.04892537923645179	0.05005126722052792	0.08164173434344496	0.0782519736000207	0.09559215206823567	0.0922335748998483	0.1260822600513441	0.04055972448546286	0.07841784713793139	0.07394116174308522	0.08416479554841641	0.08477731410800651	0.05620696161205467	0.047818595310795	0.12920271353643517	0.058459932339060904	0.12073494227359083	0.06487699513941889	0.06688143872772388	0.07269386611790743	0.09271692357515662
WSH050	189	0.057516996124461504	0.08038578512338437	0.08728893704185685	0.05109435443553412	0	0.10040318595683774	0.08694374841598454	0.062495118107075316	0.06791975556464015	0.09176597304435177	0.06815229227917678	0.1371292385452756	0.10591367015831248	0.1079179373678588	0.10702794568965225	0.055205831318598714	0.09427135578038949	0.0847649031499851	0.0666500350764937	0.05419340976613107	0.06048648338540288	0.07045216407155308	0.07892168548400369	0.09585370280385762	0.12320190111922745	0.0454488726733811	0.07968782562081934	0.08036913910458145	0.08482060731834161	0.0849510808248006	0.06859774698500729	0.05737368665890854	0.14068834343954467	0.0607447103389995	0.13298415266898225	0.07989142011368724	0.07363716748997255	0.07559207597181652	0.1050181862503672
WSH051	190	0.11148877453134137	0.052492760644782976	0.05773052154502781	0.09672958570324147	0.10040318595683774	0	0.07662626969766775	0.10242199666034896	0.10367326334847861	0.10492551641560627	0.0924168454850904	0.06211843419654273	0.06995184349739955	0.1773688997366421	0.07038745898577213	0.12580388755090904	0.15170525575447044	0.13185717913312772	0.09475745036251541	0.08860528770849917	0.1182025085807272	0.12920070330157393	0.12762520341074504	0.17049786998022268	0.19478900956477427	0.12113399717519528	0.1444562149952984	0.14997952204110512	0.14808593012692597	0.16400823276281243	0.11346309918707886	0.11917680936417699	0.2139103468294312	0.12238945416529612	0.1982290126362241	0.14034005967323884	0.1501246854159858	0.13384744678378951	0.06665055988384014
WSH052	191	0.07916245997837947	0.058082703415618935	0.059110530730106345	0.049204775641732	0.08694374841598454	0.07662626969766775	0	0.10061632709283963	0.09671627085438907	0.11029683870818538	0.09063377259625274	0.10284427225872196	0.06014041798993177	0.14881592718076656	0.07441623568678264	0.11481085491935673	0.13552858403228588	0.10903963659833905	0.05291436471134375	0.07090772194388881	0.10503953630896208	0.09606952471352144	0.11254211465976724	0.12049562880538911	0.14493702459233523	0.08626815798890577	0.10419867202583132	0.10125166618761089	0.10767723149394653	0.1280889946300356	0.08259742146743305	0.08793476814954017	0.1600412414622281	0.09104008126375548	0.14977979202947855	0.09668354234044309	0.10402329283593212	0.09690351177472231	0.072221688905955
WSH053	192	0.07726827266493741	0.07921189568488314	0.0883083302273154	0.07894987746425015	0.062495118107075316	0.10242199666034896	0.10061632709283963	0	0.03240469320374172	0.04731400148666143	0.03883037688244202	0.11013134876041643	0.0982517691812	0.1039701954695398	0.0974024546968014	0.050923182533813324	0.0792060429634043	0.06518640368326765	0.07754569906258953	0.05305944566411466	0.05989276526704249	0.06317742345540202	0.055736101295176796	0.11825154236833949	0.14052338561359892	0.07081238913526865	0.08446485704022508	0.09764775644396466	0.07875122237843897	0.1013815882597239	0.060025535339905914	0.08129143065285192	0.15701522445141786	0.07775508820109543	0.15536808080702108	0.09919858302836324	0.09911573345479494	0.08358323027940304	0.08449371013617797
WSH054	193	0.06250219966157201	0.07594579920631993	0.07464035706673514	0.078586162649533	0.06791975556464015	0.10367326334847861	0.09671627085438907	0.03240469320374172	0	0.043530645161885116	0.04135874898125276	0.10230148950014221	0.08446732239083427	0.10419992521449094	0.09218339535791259	0.06076703440117642	0.08383996655813743	0.07003964758766408	0.08037743061046243	0.04932090427981501	0.07375104020715542	0.06845342892352718	0.06348956007578158	0.11205177508787827	0.145738791879681	0.07747160344325593	0.090006546505757	0.09175023348282335	0.07749904660644459	0.09543357735346711	0.061053794924881034	0.080404364965677	0.15054758053084694	0.0812865658020266	0.15554455812188583	0.09622823873223445	0.10213482451237639	0.08454750715648764	0.07867777623783208
WSH055	194	0.08963117877046672	0.08596252889824438	0.09452449385909681	0.10465839229046148	0.09176597304435177	0.10492551641560627	0.11029683870818538	0.04731400148666143	0.043530645161885116	0	0.05330087501629782	0.09046843681629918	0.09870184037954104	0.12124582916458303	0.10366148249275066	0.0789990992806981	0.09471565510633051	0.07246077761873694	0.09301587461044586	0.06713040443400889	0.08824574471088617	0.08051786008130196	0.07070486966220603	0.13327676914928402	0.15574401347063868	0.09626767199788366	0.09865904814660828	0.10931592036464215	0.09294988484572515	0.12113112903420074	0.08725325539805512	0.10340590820047649	0.17490736864110368	0.09844409396286828	0.18280875509592945	0.11917341964847497	0.12558390344172982	0.10052088891465298	0.08460599195573312
WSH056	195	0.07709231022696726	0.07123902479172928	0.07960564984947413	0.07566251027288962	0.06815229227917678	0.0924168454850904	0.09063377259625274	0.03883037688244202	0.04135874898125276	0.05330087501629782	0	0.08643952932090597	0.07576418765179199	0.10563666139736433	0.08121128473124839	0.07367511998252482	0.0932699728316276	0.08156108844573005	0.06641705938379448	0.04492923342839199	0.07613726049392935	0.06639093382659363	0.06836346219203651	0.11520265626951379	0.13690502846312708	0.08250566189789463	0.08314521406727844	0.095853783463423	0.08067112864047235	0.1078215121798611	0.061216202292607	0.08250026969047246	0.15927352233655234	0.07261738918930655	0.1588459515788192	0.09485293031688075	0.10639255063621095	0.08637176772601461	0.0703819121573532
WSH057	196	0.14319496145172456	0.08651138711262799	0.0865964047644779	0.13108323973141345	0.1371292385452756	0.06211843419654273	0.10284427225872196	0.11013134876041643	0.10230148950014221	0.09046843681629918	0.08643952932090597	0	0.07382311671478996	0.17955697231205842	0.06010308897836379	0.13242170041884938	0.15513938735591792	0.13512284588807696	0.11368529057431585	0.10085926497216821	0.13793323991893686	0.13586642799057108	0.1340647963107219	0.18326839471386533	0.20164411196573181	0.14989553374551884	0.15333742660490352	0.16223762036300077	0.14464942812669507	0.17879571181951492	0.1279987552105086	0.1461574641819023	0.2273736158790276	0.13729979418122137	0.22277529738044874	0.16071736912330273	0.17567055032446993	0.14710590033055715	0.05934622867584699
WSH058	197	0.09393395502208331	0.05272743125818008	0.05952011108446224	0.09145563280038742	0.10591367015831248	0.06995184349739955	0.06014041798993177	0.0982517691812	0.08446732239083427	0.09870184037954104	0.07576418765179199	0.07382311671478996	0	0.1377420638231596	0.052828254005283036	0.13371306383529416	0.14001385269310435	0.12420458962453619	0.07361740145360873	0.07982220518893479	0.11949328958771034	0.09340339811032604	0.12305954575196695	0.13534624273000154	0.15974285694374932	0.11739855413144334	0.11734040629626813	0.11378340498539369	0.09879353860948803	0.13095470206496285	0.0874458168666553	0.10969028194857423	0.18112739944680273	0.09843339354744131	0.17967836496196252	0.11210286661895418	0.14128772421331887	0.10757435366502993	0.039597093527580285
WSH059	198	0.10266896616243748	0.13770811001915484	0.15233798543542765	0.12573475641797965	0.1079179373678588	0.1773688997366421	0.14881592718076656	0.1039701954695398	0.10419992521449094	0.12124582916458303	0.10563666139736433	0.17955697231205842	0.1377420638231596	0	0.16423125774478153	0.11081338041572787	0.07206902328461703	0.09077880183851347	0.1198035525328481	0.11581522063838062	0.08870195705863278	0.06736290056421071	0.07986160998596874	0.07319111063621164	0.0648884568435048	0.10054976002087156	0.05903270414218043	0.067710874156237	0.06534105697122809	0.06655052854891719	0.08557102243770162	0.10755457313214715	0.07297141183721755	0.09154182382444558	0.10826742326532848	0.10562912556210292	0.08050016499840394	0.08409763202637627	0.14680781406514665
WSH060	199	0.11254784220111748	0.06718906975804449	0.05282513276637068	0.10384685205288083	0.10702794568965225	0.07038745898577213	0.07441623568678264	0.0974024546968014	0.09218339535791259	0.10366148249275066	0.08121128473124839	0.06010308897836379	0.052828254005283036	0.16423125774478153	0	0.12994451932158949	0.15314459188842858	0.13331324253939686	0.09561660190928194	0.08610934370772741	0.12939094544194052	0.1143238643216935	0.12767922984774277	0.15700882412133293	0.18814943564870962	0.128717973507612	0.13376025056429966	0.13988358541223198	0.12523008038436517	0.1539677684630127	0.1019660504349802	0.11657341887973151	0.19255866794974083	0.11138479111668864	0.18683444595819104	0.11941003041128115	0.15486430977713464	0.11928571142351814	0.03275174520914513
WSH061	200	0.07157336476100372	0.10405864995435354	0.11358121116070058	0.0789830546269639	0.055205831318598714	0.12580388755090904	0.11481085491935673	0.050923182533813324	0.06076703440117642	0.0789990992806981	0.07367511998252482	0.13242170041884938	0.13371306383529416	0.11081338041572787	0.12994451932158949	0	0.06018741347814579	0.05330260720278626	0.08192626550609441	0.06587154364239181	0.04479752863564842	0.07081282663965568	0.04890665015331705	0.10468954971611592	0.1244919802746919	0.05567715070411765	0.0832284045712016	0.08121124629079282	0.07886547693331247	0.09305595633660768	0.08042318788597978	0.07237676183890239	0.1499552135741739	0.07967015995477567	0.15014620911556728	0.10424131791098973	0.07377962284635599	0.08686580703686905	0.12349755483140541
WSH062	201	0.09721211161172123	0.12594319625408987	0.1332647136680526	0.11839789297758357	0.09427135578038949	0.15170525575447044	0.13552858403228588	0.0792060429634043	0.08383996655813743	0.09471565510633051	0.0932699728316276	0.15513938735591792	0.14001385269310435	0.07206902328461703	0.15314459188842858	0.06018741347814579	0	0.04519985977577923	0.0938832109886494	0.09818984150979167	0.054426236214578046	0.06724262542350973	0.03481586132410306	0.1059781009332124	0.09245816579492876	0.09066355938272613	0.07204987688064324	0.07524963092620393	0.07066062285098205	0.10850147707739563	0.09624084539680074	0.10968879669404746	0.12289294217563156	0.09818196307435531	0.14091236260451695	0.11581161557110245	0.09553954090871458	0.08673184611589776	0.1424206037448215
WSH063	202	0.0805405101486896	0.10519877568671375	0.11597360008374208	0.09195666157304445	0.0847649031499851	0.13185717913312772	0.10903963659833905	0.06518640368326765	0.07003964758766408	0.07246077761873694	0.08156108844573005	0.13512284588807696	0.12420458962453619	0.09077880183851347	0.13331324253939686	0.05330260720278626	0.04519985977577923	0	0.08002397331665624	0.07725224612817402	0.05056172356125838	0.07011660499337845	0.03682817791969225	0.10550380914181455	0.10942819558101687	0.07711218983669946	0.06376352276607705	0.07414144710008971	0.06880714735786503	0.11174255305154085	0.08733439458637114	0.0933586735998533	0.13917620731461988	0.08345309566458173	0.14921463002834012	0.10684423756903838	0.09475530934916823	0.07464991706773258	0.12263740017996204
WSH064	203	0.07006073668273148	0.07162541188923052	0.07638455628569721	0.04892537923645179	0.0666500350764937	0.09475745036251541	0.05291436471134375	0.07754569906258953	0.08037743061046243	0.09301587461044586	0.06641705938379448	0.11368529057431585	0.07361740145360873	0.1198035525328481	0.09561660190928194	0.08192626550609441	0.0938832109886494	0.08002397331665624	0	0.05100412912912909	0.0756664078674948	0.07457932580707632	0.08388169508264648	0.09805754527306801	0.11914542733804123	0.08005597466077609	0.08241451403546782	0.07995499936896572	0.0830259668628378	0.11223366296014856	0.07648268798451748	0.08332281758557102	0.14913188769024008	0.07583023167807927	0.146095369435218	0.08439624617092596	0.08439144788205931	0.08267947651857127	0.08442460638630798
WSH065	204	0.06845121968601646	0.07624527617505145	0.07699915808511139	0.05005126722052792	0.05419340976613107	0.08860528770849917	0.07090772194388881	0.05305944566411466	0.04932090427981501	0.06713040443400889	0.04492923342839199	0.10085926497216821	0.07982220518893479	0.11581522063838062	0.08610934370772741	0.06587154364239181	0.09818984150979167	0.07725224612817402	0.05100412912912909	0	0.07458764357349264	0.06617289653739404	0.07638077929843425	0.09358742972062754	0.1372948612572575	0.05890685520949128	0.07590824067810459	0.09299960337696182	0.0846882104263994	0.09368227881678644	0.061650302244361646	0.057729745459482625	0.13952145284382125	0.0725394302334064	0.13702564416207466	0.08715361965450259	0.08970589498001236	0.07799185946459643	0.07614872411503089
WSH066	205	0.07268460233592214	0.0924907317177454	0.11335914984330507	0.08164173434344496	0.06048648338540288	0.1182025085807272	0.10503953630896208	0.05989276526704249	0.07375104020715542	0.08824574471088617	0.07613726049392935	0.13793323991893686	0.11949328958771034	0.08870195705863278	0.12939094544194052	0.04479752863564842	0.054426236214578046	0.05056172356125838	0.0756664078674948	0.07458764357349264	0	0.05470641219646534	0.041374669552561305	0.09084501738477599	0.0996325651045375	0.061264206079039096	0.06207759581682749	0.07229810284055564	0.06474971878515186	0.09217525866309834	0.07531976010165807	0.07273047221579587	0.13788303305433397	0.0644010412838581	0.14100113573079856	0.09047176898401513	0.07222715168400687	0.059897051082297655	0.12068408686617707
WSH067	206	0.05895974789292486	0.09314064851826001	0.11313517232278684	0.0782519736000207	0.07045216407155308	0.12920070330157393	0.09606952471352144	0.06317742345540202	0.06845342892352718	0.08051786008130196	0.06639093382659363	0.13586642799057108	0.09340339811032604	0.06736290056421071	0.1143238643216935	0.07081282663965568	0.06724262542350973	0.07011660499337845	0.07457932580707632	0.06617289653739404	0.05470641219646534	0	0.057764462490381106	0.06604313873800643	0.08543896524956208	0.060797577821097196	0.045124531284514297	0.05261361540153	0.037158726932884086	0.06604409215151857	0.047598279026990264	0.059523026531404795	0.11085874766657633	0.04774647511528177	0.12199786642752738	0.06763383406688944	0.07324532934501836	0.04298589265517042	0.09734359083537993
WSH068	207	0.0802558643581139	0.10137844177734881	0.10909994785115336	0.09559215206823567	0.07892168548400369	0.12762520341074504	0.11254211465976724	0.055736101295176796	0.06348956007578158	0.07070486966220603	0.06836346219203651	0.1340647963107219	0.12305954575196695	0.07986160998596874	0.12767922984774277	0.04890665015331705	0.03481586132410306	0.03682817791969225	0.08388169508264648	0.07638077929843425	0.041374669552561305	0.057764462490381106	0	0.10066831868239512	0.09178418083066438	0.07183234439741612	0.058168361670590085	0.0749093783783356	0.06718901737305275	0.10547647332905695	0.08252883852297117	0.08816571994938212	0.12718542225692125	0.08134822611558408	0.13887813656948877	0.09968125332737961	0.08566326946634699	0.06780076230739612	0.11715343027745298
WSH069	208	0.09314941584557937	0.14168729424203483	0.15061210750512624	0.0922335748998483	0.09585370280385762	0.17049786998022268	0.12049562880538911	0.11825154236833949	0.11205177508787827	0.13327676914928402	0.11520265626951379	0.18326839471386533	0.13534624273000154	0.07319111063621164	0.15700882412133293	0.10468954971611592	0.1059781009332124	0.10550380914181455	0.09805754527306801	0.09358742972062754	0.09084501738477599	0.06604313873800643	0.10066831868239512	0	0.07471032445696708	0.08933855267280616	0.0645601976782231	0.07188433603302342	0.07925219311267567	0.05464287241940462	0.08633161967387122	0.07655233835540703	0.07807737751557413	0.08189494708382235	0.0934813195274494	0.08303962260807077	0.07301209271038211	0.0662341710037462	0.14718161803044388
WSH070	209	0.12112505680351414	0.15338822983824602	0.17447503707799067	0.1260822600513441	0.12320190111922745	0.19478900956477427	0.14493702459233523	0.14052338561359892	0.145738791879681	0.15574401347063868	0.13690502846312708	0.20164411196573181	0.15974285694374932	0.0648884568435048	0.18814943564870962	0.1244919802746919	0.09245816579492876	0.10942819558101687	0.11914542733804123	0.1372948612572575	0.0996325651045375	0.08543896524956208	0.09178418083066438	0.07471032445696708	0	0.10848543145236964	0.08197233353981806	0.08544721786810866	0.09486359913205303	0.09918551048727293	0.11734698424428315	0.12266046219112846	0.06641397113359958	0.1049268052276872	0.10856370912873851	0.1227842076059301	0.08587017595378846	0.10544953759836233	0.17616180728861905
WSH071	210	0.042063126297235964	0.09223890010673864	0.10959305625415602	0.04055972448546286	0.0454488726733811	0.12113399717519528	0.08626815798890577	0.07081238913526865	0.07747160344325593	0.09626767199788366	0.08250566189789463	0.14989553374551884	0.11739855413144334	0.10054976002087156	0.128717973507612	0.05567715070411765	0.09066355938272613	0.07711218983669946	0.08005597466077609	0.05890685520949128	0.061264206079039096	0.060797577821097196	0.07183234439741612	0.08933855267280616	0.10848543145236964	0	0.05882462513525433	0.05791294609029554	0.06347202523597592	0.05810478655707921	0.05273866578790637	0.03452860725979646	0.11124140669844755	0.04741074054863872	0.12288116205618112	0.06258407498000104	0.05699891798652621	0.06237354685617966	0.11582521194854208
WSH072	211	0.0658826510224485	0.11841201773442524	0.12759051599158638	0.07841784713793139	0.07968782562081934	0.1444562149952984	0.10419867202583132	0.08446485704022508	0.090006546505757	0.09865904814660828	0.08314521406727844	0.15333742660490352	0.11734040629626813	0.05903270414218043	0.13376025056429966	0.0832284045712016	0.07204987688064324	0.06376352276607705	0.08241451403546782	0.07590824067810459	0.06207759581682749	0.045124531284514297	0.058168361670590085	0.0645601976782231	0.08197233353981806	0.05882462513525433	0	0.046599337123220744	0.04913883837970613	0.07273768684868172	0.06666087534207941	0.0583192573482374	0.0853898135383394	0.05288121825117002	0.11638085042394589	0.06951843149117769	0.06523685402125104	0.04979262399048347	0.12337566334649964
WSH073	212	0.0486600901826774	0.10573922953176962	0.12846657454088162	0.07394116174308522	0.08036913910458145	0.14997952204110512	0.10125166618761089	0.09764775644396466	0.09175023348282335	0.10931592036464215	0.095853783463423	0.16223762036300077	0.11378340498539369	0.067710874156237	0.13988358541223198	0.08121124629079282	0.07524963092620393	0.07414144710008971	0.07995499936896572	0.09299960337696182	0.07229810284055564	0.05261361540153	0.0749093783783356	0.07188433603302342	0.08544721786810866	0.05791294609029554	0.046599337123220744	0	0.03958737741236625	0.060109572427037516	0.06333687795484919	0.06820394295244574	0.09818192296779686	0.0576949161445565	0.12868995789743093	0.06392220399977264	0.06075380360444581	0.06432820195579238	0.1247896149145113
WSH074	213	0.05978933412394941	0.1030495640705189	0.1258652608573914	0.08416479554841641	0.08482060731834161	0.14808593012692597	0.10767723149394653	0.07875122237843897	0.07749904660644459	0.09294988484572515	0.08067112864047235	0.14464942812669507	0.09879353860948803	0.06534105697122809	0.12523008038436517	0.07886547693331247	0.07066062285098205	0.06880714735786503	0.0830259668628378	0.0846882104263994	0.06474971878515186	0.037158726932884086	0.06718901737305275	0.07925219311267567	0.09486359913205303	0.06347202523597592	0.04913883837970613	0.03958737741236625	0	0.06404819297411216	0.05326011109807013	0.06554085628103687	0.108560031969688	0.046894423273937585	0.1276373610095728	0.06392901771726381	0.07192936350385346	0.0476350659749142	0.11284176782444265
WSH075	214	0.0711601103499038	0.12559172432990767	0.1428421342471503	0.08477731410800651	0.0849510808248006	0.16400823276281243	0.1280889946300356	0.1013815882597239	0.09543357735346711	0.12113112903420074	0.1078215121798611	0.17879571181951492	0.13095470206496285	0.06655052854891719	0.1539677684630127	0.09305595633660768	0.10850147707739563	0.11174255305154085	0.11223366296014856	0.09368227881678644	0.09217525866309834	0.06604409215151857	0.10547647332905695	0.05464287241940462	0.09918551048727293	0.05810478655707921	0.07273768684868172	0.060109572427037516	0.06404819297411216	0	0.05691432615457094	0.05837126172329296	0.07761776895003783	0.06713783805922002	0.10591073323786226	0.06208997190282436	0.0701885389514307	0.07000888897068375	0.13903349746068672
WSH076	215	0.05632398451948428	0.07322078082026513	0.09667576196061177	0.05620696161205467	0.06859774698500729	0.11346309918707886	0.08259742146743305	0.060025535339905914	0.061053794924881034	0.08725325539805512	0.061216202292607	0.1279987552105086	0.0874458168666553	0.08557102243770162	0.1019660504349802	0.08042318788597978	0.09624084539680074	0.08733439458637114	0.07648268798451748	0.061650302244361646	0.07531976010165807	0.047598279026990264	0.08252883852297117	0.08633161967387122	0.11734698424428315	0.05273866578790637	0.06666087534207941	0.06333687795484919	0.05326011109807013	0.05691432615457094	0	0.06005020786811409	0.11499014219669516	0.05259155391913091	0.1180278321783279	0.059427657460281544	0.07851104278082635	0.05846971012140415	0.0869710686630837
WSH077	216	0.04605944010770558	0.09439549390791052	0.10987702273195182	0.047818595310795	0.05737368665890854	0.11917680936417699	0.08793476814954017	0.08129143065285192	0.080404364965677	0.10340590820047649	0.08250026969047246	0.1461574641819023	0.10969028194857423	0.10755457313214715	0.11657341887973151	0.07237676183890239	0.10968879669404746	0.0933586735998533	0.08332281758557102	0.057729745459482625	0.07273047221579587	0.059523026531404795	0.08816571994938212	0.07655233835540703	0.12266046219112846	0.03452860725979646	0.0583192573482374	0.06820394295244574	0.06554085628103687	0.05837126172329296	0.06005020786811409	0	0.1074117223367645	0.03885746806133041	0.10910628726586608	0.049191481636005986	0.07274771578105631	0.04555971793404952	0.11181002380781972
WSH078	217	0.11393756426441363	0.17835063689875713	0.18457218679450282	0.12920271353643517	0.14068834343954467	0.2139103468294312	0.1600412414622281	0.15701522445141786	0.15054758053084694	0.17490736864110368	0.15927352233655234	0.2273736158790276	0.18112739944680273	0.07297141183721755	0.19255866794974083	0.1499552135741739	0.12289294217563156	0.13917620731461988	0.14913188769024008	0.13952145284382125	0.13788303305433397	0.11085874766657633	0.12718542225692125	0.07807737751557413	0.06641397113359958	0.11124140669844755	0.0853898135383394	0.09818192296779686	0.108560031969688	0.07761776895003783	0.11499014219669516	0.1074117223367645	0	0.11799623897062936	0.08458256485931008	0.09727510459247954	0.09823777351654449	0.10396665554656422	0.18253563917239116
WSH079	218	0.05549343116879408	0.089113315076968	0.11136387004090839	0.058459932339060904	0.0607447103389995	0.12238945416529612	0.09104008126375548	0.07775508820109543	0.0812865658020266	0.09844409396286828	0.07261738918930655	0.13729979418122137	0.09843339354744131	0.09154182382444558	0.11138479111668864	0.07967015995477567	0.09818196307435531	0.08345309566458173	0.07583023167807927	0.0725394302334064	0.0644010412838581	0.04774647511528177	0.08134822611558408	0.08189494708382235	0.1049268052276872	0.04741074054863872	0.05288121825117002	0.0576949161445565	0.046894423273937585	0.06713783805922002	0.05259155391913091	0.03885746806133041	0.11799623897062936	0	0.12045294126377619	0.039965406477248534	0.07587386120128208	0.038543377961124704	0.10748475695481431
WSH080	219	0.13185396480590522	0.161852429173457	0.17975667237321757	0.12073494227359083	0.13298415266898225	0.1982290126362241	0.14977979202947855	0.15536808080702108	0.15554455812188583	0.18280875509592945	0.1588459515788192	0.22277529738044874	0.17967836496196252	0.10826742326532848	0.18683444595819104	0.15014620911556728	0.14091236260451695	0.14921463002834012	0.146095369435218	0.13702564416207466	0.14100113573079856	0.12199786642752738	0.13887813656948877	0.0934813195274494	0.10856370912873851	0.12288116205618112	0.11638085042394589	0.12868995789743093	0.1276373610095728	0.10591073323786226	0.1180278321783279	0.10910628726586608	0.08458256485931008	0.12045294126377619	0	0.10526293692324883	0.0934446761616207	0.11479877838834521	0.18368761900724898
WSH081	220	0.06659568514589005	0.10686541925088129	0.1196151184680559	0.06487699513941889	0.07989142011368724	0.14034005967323884	0.09668354234044309	0.09919858302836324	0.09622823873223445	0.11917341964847497	0.09485293031688075	0.16071736912330273	0.11210286661895418	0.10562912556210292	0.11941003041128115	0.10424131791098973	0.11581161557110245	0.10684423756903838	0.08439624617092596	0.08715361965450259	0.09047176898401513	0.06763383406688944	0.09968125332737961	0.08303962260807077	0.1227842076059301	0.06258407498000104	0.06951843149117769	0.06392220399977264	0.06392901771726381	0.06208997190282436	0.059427657460281544	0.049191481636005986	0.09727510459247954	0.039965406477248534	0.10526293692324883	0	0.0787267366168178	0.05229680666234679	0.1210890662428965
WSH082	221	0.07487871307498928	0.11329870846570639	0.12419572522902397	0.06688143872772388	0.07363716748997255	0.1501246854159858	0.10402329283593212	0.09911573345479494	0.10213482451237639	0.12558390344172982	0.10639255063621095	0.17567055032446993	0.14128772421331887	0.08050016499840394	0.15486430977713464	0.07377962284635599	0.09553954090871458	0.09475530934916823	0.08439144788205931	0.08970589498001236	0.07222715168400687	0.07324532934501836	0.08566326946634699	0.07301209271038211	0.08587017595378846	0.05699891798652621	0.06523685402125104	0.06075380360444581	0.07192936350385346	0.0701885389514307	0.07851104278082635	0.07274771578105631	0.09823777351654449	0.07587386120128208	0.0934446761616207	0.0787267366168178	0	0.0890553842674981	0.14408689660330581
WSH083	222	0.06038597067675536	0.10645775732830709	0.11957101142270503	0.07269386611790743	0.07559207597181652	0.13384744678378951	0.09690351177472231	0.08358323027940304	0.08454750715648764	0.10052088891465298	0.08637176772601461	0.14710590033055715	0.10757435366502993	0.08409763202637627	0.11928571142351814	0.08686580703686905	0.08673184611589776	0.07464991706773258	0.08267947651857127	0.07799185946459643	0.059897051082297655	0.04298589265517042	0.06780076230739612	0.0662341710037462	0.10544953759836233	0.06237354685617966	0.04979262399048347	0.06432820195579238	0.0476350659749142	0.07000888897068375	0.05846971012140415	0.04555971793404952	0.10396665554656422	0.038543377961124704	0.11479877838834521	0.05229680666234679	0.0890553842674981	0	0.11467718803464617
WSH084	223	0.09489477762048347	0.058089246223308	0.05496339167227387	0.09271692357515662	0.1050181862503672	0.06665055988384014	0.072221688905955	0.08449371013617797	0.07867777623783208	0.08460599195573312	0.0703819121573532	0.05934622867584699	0.039597093527580285	0.14680781406514665	0.03275174520914513	0.12349755483140541	0.1424206037448215	0.12263740017996204	0.08442460638630798	0.07614872411503089	0.12068408686617707	0.09734359083537993	0.11715343027745298	0.14718161803044388	0.17616180728861905	0.11582521194854208	0.12337566334649964	0.1247896149145113	0.11284176782444265	0.13903349746068672	0.0869710686630837	0.11181002380781972	0.18253563917239116	0.10748475695481431	0.18368761900724898	0.1210890662428965	0.14408689660330581	0.11467718803464617	0
